Accuracy: 50.02%
4, 0, 1678880603
0, 4, 2243873058
4, 0, 1957147787
0, 4, 1685365352
4, 0, 1984633622
0, 4, 2175552743
0, 4, 2285037911
0, 4, 2061680723
0, 4, 2067376379
0, 4, 1972113488
0, 4, 2052302083
4, 0, 2000722236
0, 4, 2014135842
0, 4, 1983024589
0, 4, 1989490931
4, 0, 1979865084
0, 4, 1553458859
0, 4, 1975100971
4, 0, 2067549669
0, 4, 1832636113
0, 4, 2059900231
0, 4, 1880486592
0, 4, 1881763045
0, 4, 1984393203
0, 4, 2211351615
0, 4, 2191433897
0, 4, 1795959733
0, 4, 2189630842
0, 4, 2186814910
0, 4, 2327045034
0, 4, 2015449991
0, 4, 1989611330
0, 4, 2265607093
0, 4, 1564855353
0, 4, 1964588954
0, 4, 2017466467
0, 4, 1677549328
0, 4, 1676222303
4, 0, 1881109757
0, 4, 1978067922
0, 4, 2016911165
0, 4, 2052119660
0, 4, 1793706336
0, 4, 2260530208
0, 4, 2263902252
4, 0, 1965771501
0, 4, 1573392336
4, 0, 1880458216
0, 4, 2060207145
0, 4, 2299163652
4, 0, 1675792127
0, 4, 2051213824
4, 0, 1835887178
0, 4, 1753680689
0, 4, 2012557382
4, 0, 1971843248
0, 4, 2188627507
0, 4, 2065108634
4, 0, 1556876523
0, 4, 2225758631
0, 4, 2066281566
0, 4, 1977347679
0, 4, 2257124058
0, 4, 1793986860
0, 4, 2176477147
4, 0, 1753075050
0, 4, 2063374569
0, 4, 2261700276
0, 4, 1753673141
0, 4, 2013027416
0, 4, 2060187656
0, 4, 1980107813
4, 0, 2189552428
0, 4, 2187318415
4, 0, 2054590838
0, 4, 2221215501
0, 4, 2002524431
0, 4, 1972194617
0, 4, 2266129775
0, 4, 1969718774
4, 0, 2177044060
0, 4, 2261286948
4, 0, 2002833024
0, 4, 2174728297
0, 4, 1792443451
0, 4, 2325376673
0, 4, 2217806529
0, 4, 1883104826
0, 4, 1975536237
0, 4, 1985986516
0, 4, 1966596674
0, 4, 2065281189
0, 4, 2000400499
0, 4, 1833330900
0, 4, 2227142167
4, 0, 1985820444
0, 4, 1968927976
0, 4, 2191885257
0, 4, 1880130173
4, 0, 2070269238
0, 4, 2254819574
0, 4, 1557562479
0, 4, 1558792776
4, 0, 1972791885
0, 4, 1984621297
4, 0, 2239703480
0, 4, 2176838725
0, 4, 2066218802
4, 0, 1753073797
0, 4, 2002545320
0, 4, 1978889123
4, 0, 2055322852
0, 4, 2213807569
4, 0, 1833020266
0, 4, 2231498605
0, 4, 1992892848
0, 4, 1548700297
0, 4, 1996066741
0, 4, 1834364862
0, 4, 1969921331
4, 0, 1976167639
0, 4, 1956421114
0, 4, 1760038814
0, 4, 2000671213
0, 4, 1564089971
0, 4, 2231672048
0, 4, 1558972513
0, 4, 1883534581
4, 0, 1792073269
0, 4, 2001076939
0, 4, 1990447518
0, 4, 2221747958
0, 4, 2058930753
0, 4, 1470068706
0, 4, 2299362120
0, 4, 1993277896
0, 4, 2182405376
0, 4, 2243881261
0, 4, 1978073017
4, 0, 1834576435
0, 4, 2057819813
0, 4, 2253866697
4, 0, 1825914650
0, 4, 1559771618
0, 4, 1979698808
0, 4, 2062399417
0, 4, 2189605228
0, 4, 2048223166
0, 4, 1882508553
4, 0, 1825046714
0, 4, 2329202126
0, 4, 2198406395
4, 0, 2175588725
0, 4, 1828040051
0, 4, 1976793617
0, 4, 1548585269
0, 4, 2053316450
0, 4, 1957497862
4, 0, 1693147538
0, 4, 2064208100
0, 4, 2066749704
4, 0, 2226215344
0, 4, 1983127514
4, 0, 1989568749
4, 0, 1963820192
0, 4, 2205623807
0, 4, 2063822521
0, 4, 2259414426
0, 4, 2266917606
4, 0, 2252940766
4, 0, 1978501866
0, 4, 2176430450
0, 4, 2062893215
0, 4, 2071847294
0, 4, 2006290912
4, 0, 2049516737
0, 4, 1997659079
0, 4, 1985041984
0, 4, 1995446739
0, 4, 1994208601
4, 0, 2259432737
4, 0, 1932993159
0, 4, 1971513366
0, 4, 2202819134
0, 4, 2243049546
0, 4, 2197414287
0, 4, 2237917924
0, 4, 1558159221
4, 0, 2222282541
0, 4, 2052866830
0, 4, 1835988870
4, 0, 2014958181
0, 4, 1824621390
0, 4, 2251705745
0, 4, 1995041705
0, 4, 1794324017
0, 4, 1979678900
4, 0, 1834831477
0, 4, 1982431031
4, 0, 2202694750
4, 0, 1881136874
0, 4, 2013178948
0, 4, 1979295924
0, 4, 1693533074
0, 4, 2056592280
0, 4, 1977704286
0, 4, 2013410894
0, 4, 2002337812
0, 4, 2009186598
0, 4, 2188820943
0, 4, 2069494319
0, 4, 2232733555
0, 4, 2248759015
0, 4, 2046705005
0, 4, 1794268637
0, 4, 1994215898
0, 4, 1573477883
0, 4, 1984054484
0, 4, 1989739011
0, 4, 1978401259
0, 4, 2066884555
0, 4, 2175843088
0, 4, 1957241010
0, 4, 2254841100
0, 4, 1880877750
0, 4, 1753415392
0, 4, 1563811535
0, 4, 2046977967
4, 0, 1985693275
0, 4, 2059068356
0, 4, 2295675696
0, 4, 2180750301
4, 0, 1770746727
0, 4, 2197687359
4, 0, 2069268298
0, 4, 2008625149
0, 4, 2259935463
0, 4, 2018322681
4, 0, 1979689042
0, 4, 2015063840
0, 4, 2190832397
0, 4, 1970521949
0, 4, 2297314622
0, 4, 1978881072
0, 4, 1834956316
0, 4, 2049878032
0, 4, 2179395568
0, 4, 1980254470
0, 4, 2188130061
0, 4, 2245909947
0, 4, 2070507277
4, 0, 2190433059
0, 4, 1677370967
0, 4, 1556314428
0, 4, 1967455796
0, 4, 1977332203
0, 4, 1979863245
0, 4, 1824715026
0, 4, 2018771529
0, 4, 1882797844
0, 4, 1468268968
0, 4, 2002027149
0, 4, 1976424099
0, 4, 1984566029
0, 4, 2264958519
4, 0, 1883056201
0, 4, 2203715835
4, 0, 2327529437
0, 4, 1676760032
0, 4, 1759689569
0, 4, 1975655102
0, 4, 2052644703
4, 0, 2051457517
0, 4, 1679911225
0, 4, 2259825671
4, 0, 1982232147
0, 4, 2052831580
0, 4, 2323036659
0, 4, 1964545474
0, 4, 2213947209
0, 4, 1992975233
0, 4, 2188228673
0, 4, 1573718285
0, 4, 2254118876
4, 0, 2052989134
0, 4, 1997780352
0, 4, 2056610820
0, 4, 2299667383
0, 4, 1754790896
0, 4, 1825559196
0, 4, 1468407171
0, 4, 1687360159
0, 4, 2191805187
0, 4, 2062936342
0, 4, 1795363659
0, 4, 1551585303
0, 4, 2015556169
0, 4, 2263676386
0, 4, 2063449388
0, 4, 2174519343
0, 4, 2050190729
0, 4, 1972771911
0, 4, 1755443052
0, 4, 2058851820
4, 0, 1564433484
0, 4, 1978989850
0, 4, 1693198897
0, 4, 1963199940
0, 4, 1694533257
0, 4, 2247566061
0, 4, 2050004524
0, 4, 1986106791
0, 4, 2062290214
0, 4, 2265422710
0, 4, 1979558827
0, 4, 1994185604
0, 4, 2188448988
0, 4, 2217511470
0, 4, 2226080855
0, 4, 2228024940
0, 4, 2055772843
0, 4, 2057534148
4, 0, 2230091004
0, 4, 2064157580
0, 4, 2210836295
0, 4, 1981295414
0, 4, 2221782520
0, 4, 2176444679
0, 4, 2251031297
0, 4, 2249909156
0, 4, 1685573214
0, 4, 1990841329
0, 4, 1998407055
4, 0, 1992519109
0, 4, 1676761515
0, 4, 1961721192
0, 4, 2234218569
0, 4, 2189864901
0, 4, 2051676427
0, 4, 2249705150
0, 4, 2069579364
4, 0, 2002656271
0, 4, 1468636811
0, 4, 1967827318
4, 0, 2071945748
0, 4, 2071729576
0, 4, 2258357875
0, 4, 2180847578
0, 4, 1997009055
0, 4, 1970622213
0, 4, 2196151381
0, 4, 2018732908
0, 4, 1968080524
0, 4, 2063829092
0, 4, 2001240698
0, 4, 2175393493
4, 0, 1693533756
0, 4, 1793289893
0, 4, 2191998716
4, 0, 2174736677
0, 4, 2176040079
0, 4, 1687433996
0, 4, 2250701325
0, 4, 2181300481
0, 4, 2201564097
4, 0, 1974812567
0, 4, 2204778709
4, 0, 2180952604
0, 4, 2060637968
0, 4, 2222087213
4, 0, 1554014414
0, 4, 1755508143
0, 4, 1468556115
4, 0, 1958085427
0, 4, 1753238091
0, 4, 1676686727
4, 0, 1967983859
0, 4, 2204651888
4, 0, 2007086355
0, 4, 2218246244
0, 4, 2057710367
0, 4, 2325726278
0, 4, 1564219855
4, 0, 2067297654
0, 4, 1833896516
0, 4, 1680088429
0, 4, 2054092240
0, 4, 2000533888
4, 0, 2063810854
0, 4, 1992863424
0, 4, 2053314468
0, 4, 2050349579
0, 4, 2059745027
0, 4, 1978011295
0, 4, 2053710078
0, 4, 1753783869
0, 4, 1982167358
0, 4, 1824637314
0, 4, 2069205552
4, 0, 2063127136
0, 4, 1989758245
0, 4, 2175399134
0, 4, 2056316017
0, 4, 2179514643
0, 4, 2054771273
0, 4, 1836207117
0, 4, 1833687514
0, 4, 1992451608
0, 4, 2223244384
0, 4, 2177881704
0, 4, 1881517208
0, 4, 1752874075
0, 4, 2067565900
0, 4, 2063169338
0, 4, 1831200933
0, 4, 2056260561
4, 0, 2014168508
0, 4, 1983793863
0, 4, 2227261474
0, 4, 1553392422
4, 0, 1880626096
0, 4, 1972729453
4, 0, 1965278109
0, 4, 2062710646
0, 4, 2006530571
0, 4, 2058008953
0, 4, 1970195826
0, 4, 2248780597
0, 4, 2184862850
4, 0, 1833903462
0, 4, 2069934803
0, 4, 2185487113
0, 4, 2047210993
0, 4, 2177515600
0, 4, 1676891637
0, 4, 2061021485
4, 0, 2190642223
0, 4, 2175119599
0, 4, 1990009406
0, 4, 2264228194
4, 0, 2056751884
0, 4, 1976366758
4, 0, 2185897138
0, 4, 2055572452
0, 4, 1881011504
0, 4, 1961044058
0, 4, 2054717302
0, 4, 2324101469
4, 0, 1834543876
0, 4, 1985366887
0, 4, 1966375792
0, 4, 2200210428
0, 4, 2066953158
0, 4, 2194155386
0, 4, 2263588643
0, 4, 2192335886
0, 4, 1677504257
0, 4, 1883253969
4, 0, 1968268992
0, 4, 2062993720
0, 4, 1564562745
4, 0, 1833695071
0, 4, 1985348873
0, 4, 2288065543
0, 4, 2065625176
0, 4, 1975619383
0, 4, 1975547988
0, 4, 2266115113
0, 4, 1793987031
0, 4, 2202326485
4, 0, 2003248125
0, 4, 2064873546
0, 4, 2048339793
0, 4, 2003042083
0, 4, 1827487171
0, 4, 2004305396
0, 4, 2046518201
4, 0, 2265414609
4, 0, 1556940346
0, 4, 2237975271
0, 4, 2260645618
4, 0, 2071284987
0, 4, 1552002486
0, 4, 1834553634
0, 4, 2065478647
0, 4, 1999763637
0, 4, 1551271087
0, 4, 1827469657
0, 4, 2185263899
0, 4, 1823653601
0, 4, 1753954930
0, 4, 2244563853
4, 0, 2070932060
0, 4, 1966185081
0, 4, 2194963974
0, 4, 2197661282
0, 4, 2298765694
4, 0, 1883455033
0, 4, 2000788784
0, 4, 2067049834
0, 4, 2224801417
4, 0, 2002950992
0, 4, 1835190870
0, 4, 2257008759
0, 4, 1961355870
0, 4, 1964939778
0, 4, 2177738890
0, 4, 2265995004
0, 4, 2053178089
4, 0, 1981969904
0, 4, 2187751249
0, 4, 1990524894
4, 0, 1469504712
0, 4, 1970345420
0, 4, 2191950373
4, 0, 2180377134
0, 4, 2258584674
0, 4, 2186326400
4, 0, 2052763105
0, 4, 1961298221
0, 4, 2180929338
0, 4, 2014779008
0, 4, 2300683939
0, 4, 2065007299
4, 0, 1834324283
0, 4, 1974833372
0, 4, 2175714348
0, 4, 1964197084
0, 4, 1551543760
0, 4, 2062712676
0, 4, 1564733573
0, 4, 1753107200
0, 4, 2012312804
0, 4, 1971345070
0, 4, 2051327314
0, 4, 1969078275
0, 4, 1932858264
4, 0, 1983396202
0, 4, 2254538889
4, 0, 2050228928
0, 4, 2054918386
0, 4, 1573998051
0, 4, 2050143998
0, 4, 1760272761
0, 4, 1835058460
4, 0, 2058074207
0, 4, 2054289026
0, 4, 2044464986
0, 4, 2070346712
0, 4, 2013653469
0, 4, 1976321424
0, 4, 2067315849
0, 4, 2264974161
4, 0, 2187439319
0, 4, 2001187076
0, 4, 2206626625
4, 0, 1824181707
0, 4, 1793332033
0, 4, 1692600037
4, 0, 2189552066
0, 4, 2228916143
4, 0, 1999335426
0, 4, 2061188142
4, 0, 2001567569
0, 4, 2264520267
0, 4, 1685983053
0, 4, 1982248051
0, 4, 1973597404
4, 0, 1677442367
0, 4, 2324540787
0, 4, 2063803775
0, 4, 2218936102
0, 4, 2057056186
4, 0, 1695343047
0, 4, 2193153389
0, 4, 2185421872
0, 4, 2219538699
4, 0, 2057299806
0, 4, 2051420376
4, 0, 2001789372
0, 4, 1985026848
4, 0, 1982666707
0, 4, 2232856406
0, 4, 2325278461
0, 4, 1770614889
0, 4, 2192536354
0, 4, 1687042965
0, 4, 1755842151
0, 4, 2190832566
0, 4, 1981390181
0, 4, 1834661351
0, 4, 1680162023
0, 4, 2190643944
0, 4, 1573664189
0, 4, 1694455707
0, 4, 2181847790
0, 4, 1960962796
0, 4, 2053579217
0, 4, 1971824526
0, 4, 2048010284
0, 4, 2061667449
0, 4, 1981103582
4, 0, 2052171035
0, 4, 1556812911
0, 4, 1676752163
0, 4, 2068685846
4, 0, 2061636383
0, 4, 1971921919
4, 0, 2013855300
0, 4, 2014283146
0, 4, 2062149072
4, 0, 1991036259
0, 4, 2048031475
0, 4, 1976722420
0, 4, 2322074674
0, 4, 1822642843
4, 0, 2001696507
0, 4, 1753476614
4, 0, 1956617105
0, 4, 2048381138
0, 4, 2063145622
0, 4, 1882128427
0, 4, 2252217538
0, 4, 1827098699
0, 4, 2182479719
0, 4, 1880410369
0, 4, 2070703841
0, 4, 2001500156
0, 4, 1882268773
0, 4, 1678944598
0, 4, 2209145747
0, 4, 2052831268
0, 4, 2205413409
0, 4, 2204003741
4, 0, 2176350070
0, 4, 1997829491
0, 4, 2178718214
4, 0, 1973585704
0, 4, 2325795553
4, 0, 1824695249
0, 4, 2051498708
0, 4, 1997369236
4, 0, 1681104872
0, 4, 1754491290
0, 4, 1997212357
0, 4, 2228856430
0, 4, 2260513396
0, 4, 1995928037
0, 4, 1836134023
0, 4, 2055728777
0, 4, 2063100589
0, 4, 1956644624
0, 4, 1978704138
0, 4, 2058111303
0, 4, 2203920045
4, 0, 2063470837
0, 4, 2183834443
0, 4, 2058860623
0, 4, 2224159788
0, 4, 2207290554
0, 4, 1968862893
0, 4, 2177067197
0, 4, 2260417298
0, 4, 2068136953
0, 4, 2223989807
0, 4, 2204503398
4, 0, 1999965883
0, 4, 1882275243
0, 4, 1676483353
0, 4, 2052959197
0, 4, 2059542444
0, 4, 1881211148
0, 4, 2048516472
4, 0, 2177823084
0, 4, 1968874171
0, 4, 1996111194
0, 4, 2222177875
4, 0, 2185894331
0, 4, 1962437858
0, 4, 1975408857
0, 4, 2069567914
0, 4, 1986581930
0, 4, 1975136953
0, 4, 1555729851
0, 4, 2064575078
4, 0, 2044148493
0, 4, 1881150585
4, 0, 2241540513
0, 4, 2189038631
0, 4, 1963648265
4, 0, 1932275553
0, 4, 1793352597
4, 0, 1836416414
0, 4, 1691339702
0, 4, 1957041618
0, 4, 2044005644
0, 4, 1981456978
0, 4, 2175431858
0, 4, 1834237732
0, 4, 1977997080
0, 4, 2063149440
4, 0, 2053416112
0, 4, 1881621428
0, 4, 2051659530
0, 4, 1565391872
0, 4, 1962580479
0, 4, 1956211993
0, 4, 2181966852
0, 4, 2063572918
0, 4, 2004286411
0, 4, 2179255917
0, 4, 2059428675
0, 4, 1991385377
0, 4, 2296997363
4, 0, 1558976090
0, 4, 2052027173
0, 4, 2175238269
0, 4, 2066780932
0, 4, 1468445683
0, 4, 1969440099
0, 4, 1981161655
0, 4, 2012798441
0, 4, 1880955370
0, 4, 1824917742
0, 4, 1993894682
0, 4, 1995191483
0, 4, 1754390127
4, 0, 1694873919
0, 4, 1972913509
4, 0, 1970716781
0, 4, 2061921588
0, 4, 1550819739
0, 4, 1977270217
0, 4, 1969485150
4, 0, 2001798867
0, 4, 2060667381
4, 0, 2016578577
0, 4, 1965638677
0, 4, 2177096895
0, 4, 1958082388
0, 4, 1962352529
0, 4, 1823864786
0, 4, 2002316821
0, 4, 2003792939
0, 4, 2031171128
0, 4, 2239124719
0, 4, 1972193766
0, 4, 1965949112
0, 4, 1824524647
0, 4, 1960823271
0, 4, 2263141943
0, 4, 2012926711
0, 4, 1827820728
0, 4, 2008559579
0, 4, 1468416968
0, 4, 1880392178
0, 4, 1981917070
0, 4, 1557855065
0, 4, 1825436712
0, 4, 2190213770
0, 4, 2286896799
4, 0, 2177602012
0, 4, 1572855849
0, 4, 1833965499
0, 4, 2067503040
0, 4, 1556441612
0, 4, 2212533832
4, 0, 1994829244
0, 4, 2179799222
0, 4, 2184358145
0, 4, 1755249365
0, 4, 2012667329
0, 4, 1679313539
0, 4, 2056428001
0, 4, 2002901706
0, 4, 1882293504
0, 4, 1553584195
0, 4, 2002844615
0, 4, 2050291889
0, 4, 1551025320
0, 4, 1962678655
0, 4, 2045107513
0, 4, 1986809950
4, 0, 1973520434
0, 4, 2175519185
4, 0, 2176575417
0, 4, 2254160836
0, 4, 1883366829
0, 4, 1970041576
0, 4, 1966734163
4, 0, 1834997476
0, 4, 2246583537
0, 4, 1793958511
0, 4, 2175517803
0, 4, 2056426424
0, 4, 1989832354
0, 4, 1978974582
0, 4, 2322753794
0, 4, 1964753095
0, 4, 2054983979
4, 0, 2175595552
0, 4, 1835826829
0, 4, 2016932251
4, 0, 1882492138
0, 4, 2252789474
0, 4, 2176161024
0, 4, 2052050498
0, 4, 2014897516
0, 4, 1685566195
0, 4, 1983581062
0, 4, 1827462333
0, 4, 2046242037
0, 4, 1469175624
0, 4, 2251221916
4, 0, 2053191360
0, 4, 1995086333
0, 4, 2185058173
0, 4, 1760213614
0, 4, 1982835826
0, 4, 2016320660
4, 0, 1557749707
0, 4, 1833429673
0, 4, 2186588838
0, 4, 2071869155
0, 4, 1693935567
0, 4, 1880146681
0, 4, 2191983084
0, 4, 1824133800
0, 4, 2054970738
0, 4, 1755121695
0, 4, 2295786060
0, 4, 2050904698
0, 4, 1882914897
0, 4, 2254412170
0, 4, 1692256233
0, 4, 1827673963
0, 4, 1995274647
0, 4, 2058861576
0, 4, 2325229821
0, 4, 2295678932
0, 4, 2251132532
0, 4, 2071989593
0, 4, 2176202845
0, 4, 1751316627
4, 0, 1554077213
4, 0, 1693744289
0, 4, 1985251289
0, 4, 2209857457
0, 4, 1970663144
0, 4, 1977996441
0, 4, 2048818818
4, 0, 2063001034
0, 4, 1972047168
0, 4, 1996065978
0, 4, 1834117076
0, 4, 1694434489
0, 4, 1753601336
4, 0, 2199152991
0, 4, 2174971961
0, 4, 2267195703
4, 0, 1771005709
0, 4, 2214920506
0, 4, 1823674116
4, 0, 2053057977
0, 4, 2189097652
0, 4, 1982432329
0, 4, 2001051834
0, 4, 2236454826
0, 4, 1977231388
0, 4, 2008077739
0, 4, 1832769582
0, 4, 1979566665
0, 4, 1986920737
4, 0, 1468758748
0, 4, 1834440705
0, 4, 1564381575
0, 4, 1564299946
4, 0, 1988725394
0, 4, 1882350045
0, 4, 2266319495
4, 0, 1933235688
0, 4, 2222319183
4, 0, 1967792190
0, 4, 2208550278
0, 4, 1827381832
0, 4, 1468432914
0, 4, 1989921451
4, 0, 1995548586
0, 4, 1676871909
0, 4, 2287954544
4, 0, 1835195571
0, 4, 2189571725
0, 4, 2209242916
0, 4, 2177110313
0, 4, 2016055363
0, 4, 1685049715
4, 0, 2176603163
0, 4, 2064782722
0, 4, 2189212385
0, 4, 2013767128
0, 4, 2206140941
0, 4, 2016105149
0, 4, 2014917009
0, 4, 2230825084
4, 0, 1564585741
0, 4, 1961429900
0, 4, 1974833794
0, 4, 2067701544
0, 4, 2063493059
0, 4, 2295435795
0, 4, 2237701032
0, 4, 1961920582
0, 4, 1880103290
0, 4, 2236125408
0, 4, 1551649043
0, 4, 2251131530
0, 4, 2250090325
0, 4, 1998269815
0, 4, 1880609719
0, 4, 2236813356
4, 0, 1960218192
0, 4, 2204347552
0, 4, 1969959604
0, 4, 2002411368
0, 4, 2069472657
0, 4, 2221264266
0, 4, 2056790509
0, 4, 1980871245
0, 4, 2059249876
0, 4, 1793414678
0, 4, 1976626397
0, 4, 1880016348
0, 4, 1468147480
0, 4, 1760360855
0, 4, 2229012958
0, 4, 1992605142
4, 0, 2187226479
0, 4, 2187360176
4, 0, 1977259468
0, 4, 1995651064
4, 0, 2061650465
0, 4, 1984121255
4, 0, 2186434592
0, 4, 1979567381
0, 4, 2325324216
4, 0, 2245829482
4, 0, 1964832580
0, 4, 1978618552
0, 4, 2188988696
0, 4, 1991663718
0, 4, 2189767531
4, 0, 1996193781
0, 4, 1468974247
0, 4, 1556571579
0, 4, 2053379325
0, 4, 1989694330
0, 4, 2186672789
0, 4, 2061046866
0, 4, 2064470782
0, 4, 1753773121
0, 4, 1678103902
0, 4, 2053022842
0, 4, 1994631126
0, 4, 2178342977
0, 4, 1969975853
0, 4, 2202062730
0, 4, 2005145926
4, 0, 1557841398
0, 4, 1976830613
0, 4, 1978854801
0, 4, 2231946403
0, 4, 2052387006
0, 4, 1564539621
0, 4, 2068415937
0, 4, 1467971937
0, 4, 1469894537
0, 4, 2014815438
0, 4, 1676907664
0, 4, 2018590004
0, 4, 1973842931
0, 4, 2062000752
0, 4, 1678092039
0, 4, 2047560633
0, 4, 2177164459
0, 4, 1993837609
0, 4, 2064916315
0, 4, 1823416969
0, 4, 1753482956
0, 4, 1996797389
0, 4, 2051643286
0, 4, 2071967305
0, 4, 1678692984
0, 4, 2067144045
0, 4, 2298670709
0, 4, 1990000835
0, 4, 1685870875
0, 4, 1993837556
0, 4, 2194589757
0, 4, 1974675381
0, 4, 1932774181
0, 4, 2014500929
0, 4, 1685959265
4, 0, 2048391281
0, 4, 1976864251
0, 4, 1976969897
0, 4, 1998163432
4, 0, 1990770225
0, 4, 2064700895
0, 4, 1823040086
0, 4, 2220430360
0, 4, 1973262315
0, 4, 2063106094
4, 0, 2051641993
0, 4, 1753494100
0, 4, 2286552642
4, 0, 1690908307
0, 4, 2064711519
0, 4, 1992108840
0, 4, 2064507453
0, 4, 1972909222
0, 4, 1557875670
4, 0, 2057726742
0, 4, 2051373871
0, 4, 1693809577
0, 4, 2048339592
4, 0, 2048073856
0, 4, 2039911911
0, 4, 1933074283
0, 4, 2262502452
4, 0, 1557245708
4, 0, 1880633583
0, 4, 2003806219
0, 4, 2054188056
0, 4, 2286136267
0, 4, 1694523753
0, 4, 2190055557
0, 4, 2052060687
0, 4, 1970363782
0, 4, 2221748962
0, 4, 2016122955
0, 4, 1995593099
0, 4, 2052943787
0, 4, 2063022276
0, 4, 1978765024
0, 4, 2057115914
0, 4, 1976520175
0, 4, 1834428893
0, 4, 2302196681
0, 4, 2178927671
0, 4, 2055290884
0, 4, 1991720898
4, 0, 1985995941
4, 0, 2174648427
4, 0, 2205171816
0, 4, 1970976058
0, 4, 2016250485
0, 4, 1967935290
4, 0, 2014148531
0, 4, 1972737751
0, 4, 1990859187
0, 4, 1755543946
0, 4, 2060701701
0, 4, 1686746382
0, 4, 1553585633
0, 4, 2070612620
0, 4, 2206285129
4, 0, 2065591161
0, 4, 2002899788
0, 4, 1694338124
4, 0, 2046337872
0, 4, 2201820383
0, 4, 1573617648
0, 4, 1753886218
0, 4, 2048803151
0, 4, 1983895367
0, 4, 1966520559
4, 0, 2053048872
0, 4, 1989191535
0, 4, 1957015189
0, 4, 1558214781
0, 4, 2223078904
0, 4, 1565687097
0, 4, 1752964404
0, 4, 2249739083
0, 4, 2067873916
0, 4, 1977260769
4, 0, 1684875501
0, 4, 2014804810
0, 4, 2328180996
0, 4, 2174465826
4, 0, 1978926816
0, 4, 2244446956
4, 0, 1823288343
0, 4, 2052859374
0, 4, 2057585479
0, 4, 1997398001
0, 4, 2012896727
0, 4, 2056896857
0, 4, 1881475379
0, 4, 1989473566
0, 4, 2054201764
0, 4, 2299300703
4, 0, 2001426606
0, 4, 2067330997
4, 0, 1999667965
0, 4, 2061881646
0, 4, 2178367144
0, 4, 2175636180
0, 4, 2193153452
0, 4, 2066004009
0, 4, 1980025682
0, 4, 2241361633
0, 4, 1573172670
4, 0, 1978900069
0, 4, 2053918152
4, 0, 2190468469
0, 4, 2251499298
0, 4, 1565996758
0, 4, 1823407813
0, 4, 1795555552
0, 4, 1679207489
4, 0, 1834717137
0, 4, 2175419894
0, 4, 2179791606
4, 0, 1695027050
0, 4, 2175757909
0, 4, 2003795719
0, 4, 1979910058
4, 0, 1978012287
0, 4, 1676151138
4, 0, 1968819876
0, 4, 1694184709
0, 4, 1822429796
0, 4, 2299466942
4, 0, 2049857364
0, 4, 2004585522
0, 4, 2011312876
0, 4, 1694978970
4, 0, 1999484456
0, 4, 1984465655
0, 4, 1991823709
0, 4, 2244816256
0, 4, 2296490954
0, 4, 1990856086
0, 4, 2014218959
4, 0, 1971123035
0, 4, 2071325931
0, 4, 2066902022
0, 4, 2185144502
0, 4, 2229993836
0, 4, 2062025660
0, 4, 1824844413
4, 0, 2049613747
0, 4, 1970922383
0, 4, 1881860791
0, 4, 2061539967
0, 4, 1557713531
0, 4, 1675923178
0, 4, 1794325746
0, 4, 1880664968
0, 4, 1956311580
4, 0, 1978459489
0, 4, 2255041119
0, 4, 1965826470
0, 4, 2053050802
0, 4, 2239636624
4, 0, 1686335394
4, 0, 2235443246
0, 4, 2055832274
0, 4, 1982115200
0, 4, 2184133270
0, 4, 2056699405
0, 4, 1972789851
0, 4, 2054655011
0, 4, 1823685808
0, 4, 2217826525
4, 0, 2188468480
0, 4, 1827568025
4, 0, 2063268327
0, 4, 1470068878
0, 4, 1990079729
0, 4, 1962718346
0, 4, 1980618570
0, 4, 1548644566
0, 4, 2216862524
0, 4, 1694240308
0, 4, 2048679195
4, 0, 1972040388
0, 4, 1754599378
0, 4, 1989676482
0, 4, 1834020956
0, 4, 1967494194
0, 4, 2189607529
0, 4, 2192357628
0, 4, 1880758570
0, 4, 2059848431
0, 4, 2191933344
4, 0, 1991622846
0, 4, 1824711502
0, 4, 2186457758
0, 4, 1990982390
0, 4, 2218774495
0, 4, 2184741280
4, 0, 2180540244
0, 4, 2003264493
0, 4, 2235559713
0, 4, 2191189250
0, 4, 1555957214
0, 4, 2215417363
4, 0, 2060599692
0, 4, 2188768839
0, 4, 2200667515
0, 4, 2188894656
0, 4, 1971678874
4, 0, 1989410643
0, 4, 1984464114
0, 4, 1970889829
4, 0, 1559006753
0, 4, 2197048831
0, 4, 1980564628
0, 4, 1556284618
0, 4, 2059998972
0, 4, 1835149022
0, 4, 1573342600
4, 0, 1966394318
0, 4, 2003555932
0, 4, 2237042971
4, 0, 1969286871
0, 4, 2047901727
0, 4, 1984072241
0, 4, 1793204245
0, 4, 2200529653
0, 4, 1966112406
0, 4, 1991349719
0, 4, 2258098163
4, 0, 1550762111
0, 4, 2067911014
4, 0, 2054624974
0, 4, 1960576036
4, 0, 2062633679
0, 4, 2249119248
0, 4, 2051876518
0, 4, 2185579295
0, 4, 2187276114
0, 4, 1685644439
0, 4, 2187775110
0, 4, 1835117083
0, 4, 1970674292
0, 4, 1973564919
0, 4, 2049286458
0, 4, 1989686683
0, 4, 1966858097
0, 4, 2217626743
4, 0, 1967250058
0, 4, 1970560648
0, 4, 1882326318
0, 4, 2064742059
0, 4, 1692050231
4, 0, 1881098407
0, 4, 1553862715
0, 4, 1971955325
0, 4, 1679152965
0, 4, 1980243256
0, 4, 2071476597
0, 4, 1755476157
0, 4, 2236592090
0, 4, 1996972646
0, 4, 1979961819
0, 4, 1881833479
4, 0, 2062990704
0, 4, 1558192189
0, 4, 2259457916
0, 4, 2225282754
0, 4, 2321757435
0, 4, 2062155863
0, 4, 1982634585
0, 4, 1825240263
0, 4, 1981123344
0, 4, 1835425436
0, 4, 1982449367
0, 4, 1989815670
0, 4, 2053021259
0, 4, 2063144332
0, 4, 1827428252
0, 4, 1993620412
4, 0, 2053969766
0, 4, 2017826834
4, 0, 1981251430
0, 4, 1555693252
0, 4, 2063627990
4, 0, 1969959009
0, 4, 2178933802
4, 0, 1881526384
0, 4, 2195265794
4, 0, 2012820058
0, 4, 2228374132
4, 0, 1995234715
4, 0, 1977955817
0, 4, 1982115285
0, 4, 1825343954
0, 4, 1680313288
0, 4, 2187749141
0, 4, 1751034655
0, 4, 1795857532
0, 4, 2232518542
0, 4, 1997734796
0, 4, 1989824979
0, 4, 2063838572
0, 4, 1880895639
0, 4, 1795226582
0, 4, 2325293936
0, 4, 1880636782
0, 4, 2070769227
0, 4, 2047027958
0, 4, 1882319877
0, 4, 1998253970
0, 4, 1564055911
0, 4, 1678869168
0, 4, 1795700542
0, 4, 2189583714
4, 0, 1963480685
0, 4, 2175201179
4, 0, 2229276156
4, 0, 1997655687
4, 0, 2013131023
0, 4, 1793773245
4, 0, 1957261782
0, 4, 2179946844
0, 4, 2297939469
0, 4, 2045841787
0, 4, 1999647580
0, 4, 1974430798
0, 4, 2000824553
4, 0, 1989933460
0, 4, 2050682617
0, 4, 2047672703
0, 4, 1752590890
0, 4, 2229064816
0, 4, 1932755810
0, 4, 1751138541
0, 4, 1684901393
0, 4, 2257719438
4, 0, 2000632819
0, 4, 2065286166
0, 4, 1688972966
4, 0, 2206911293
4, 0, 2262872873
0, 4, 2250559581
0, 4, 2053296799
0, 4, 2193111215
4, 0, 1993038748
0, 4, 2175988300
0, 4, 1985507265
0, 4, 1971268786
0, 4, 2072514150
0, 4, 2204590200
4, 0, 2238758172
0, 4, 2199541774
0, 4, 2064471704
0, 4, 2175532048
0, 4, 2001821426
0, 4, 1881371908
0, 4, 2324962569
4, 0, 1834974036
0, 4, 1983258051
0, 4, 1974832808
4, 0, 2175702085
0, 4, 2061896417
0, 4, 2264837531
0, 4, 1998199292
0, 4, 2046925806
4, 0, 1976776633
0, 4, 1752619480
0, 4, 2174766697
0, 4, 1793483757
0, 4, 1564329508
4, 0, 2051625274
0, 4, 2001364100
0, 4, 2012969871
0, 4, 1685304983
0, 4, 1676396421
0, 4, 1992111499
0, 4, 2256668344
0, 4, 1971483037
0, 4, 2326411622
0, 4, 2197702001
0, 4, 2191809753
0, 4, 2068115632
0, 4, 1574127753
0, 4, 2203981971
0, 4, 1994630487
0, 4, 1832659418
0, 4, 2044614329
0, 4, 1792693919
0, 4, 1964640319
4, 0, 2063880749
0, 4, 1751068708
0, 4, 2060646648
4, 0, 1971317071
0, 4, 2063439627
0, 4, 1991016966
0, 4, 1968116994
0, 4, 1956821216
0, 4, 1676342419
0, 4, 2197190677
0, 4, 2225196932
0, 4, 1691269955
0, 4, 2054102726
4, 0, 2197363974
0, 4, 1996024508
0, 4, 2239115208
0, 4, 2053718406
0, 4, 2265526840
4, 0, 2051459684
0, 4, 2191529282
0, 4, 2324020620
0, 4, 1996479227
0, 4, 1678548313
4, 0, 1985263886
0, 4, 2190364340
0, 4, 1559258645
4, 0, 2177750813
0, 4, 1881041117
0, 4, 2188033405
0, 4, 2262105002
0, 4, 1963232683
4, 0, 2199244712
0, 4, 1975210452
0, 4, 2210029365
4, 0, 2061316289
0, 4, 2063349009
0, 4, 1971680639
0, 4, 1989629353
4, 0, 1985589594
4, 0, 2192185539
0, 4, 2069657032
0, 4, 2322898128
0, 4, 2321982675
0, 4, 1881502835
0, 4, 2286770297
4, 0, 1977868203
0, 4, 1751786631
0, 4, 1754402258
0, 4, 2248747955
0, 4, 2054561308
0, 4, 1558213373
0, 4, 2044127271
4, 0, 2049597630
0, 4, 2052333273
0, 4, 2071634979
0, 4, 1990189705
0, 4, 2245739439
0, 4, 1573628731
0, 4, 2018598033
4, 0, 1975655145
0, 4, 2014075414
0, 4, 2191665100
0, 4, 1969472555
0, 4, 2200286744
0, 4, 2235087403
0, 4, 2203942816
4, 0, 1880618059
0, 4, 1823073048
0, 4, 2002949566
0, 4, 2072225315
0, 4, 1686335262
0, 4, 2052924377
0, 4, 2191388426
0, 4, 1693931644
0, 4, 1834182093
0, 4, 1960434953
0, 4, 2185588966
0, 4, 1835437435
0, 4, 2203073820
0, 4, 2213484945
0, 4, 2205015522
0, 4, 1791938654
0, 4, 2206744930
0, 4, 2054826273
0, 4, 2263487246
4, 0, 1984668456
0, 4, 2001818984
0, 4, 2328474171
0, 4, 2193827551
0, 4, 2228676322
4, 0, 1963928567
0, 4, 2203438167
0, 4, 1978439079
4, 0, 1968024018
0, 4, 1835885753
0, 4, 1957368230
0, 4, 2237126863
0, 4, 1551298222
0, 4, 2205146788
0, 4, 1997093601
0, 4, 1881199815
0, 4, 2257757385
4, 0, 1694494207
0, 4, 2233044818
0, 4, 2186058487
0, 4, 1836116145
0, 4, 1834952043
0, 4, 1753826565
0, 4, 1971305493
0, 4, 1828037866
0, 4, 2218990271
0, 4, 2052948988
0, 4, 1563558073
0, 4, 1992685268
0, 4, 1827471977
0, 4, 2063504061
0, 4, 2256505560
0, 4, 1979655588
0, 4, 1827587440
0, 4, 1880572752
0, 4, 2221333503
0, 4, 2191868051
0, 4, 1995381846
0, 4, 1468353283
0, 4, 1686479870
4, 0, 1564147744
0, 4, 1752401969
0, 4, 2191030535
0, 4, 2002172526
0, 4, 1982802109
0, 4, 2297988363
4, 0, 1967633158
0, 4, 1969212179
0, 4, 2266127381
0, 4, 1992332372
0, 4, 1979774561
0, 4, 2231568988
0, 4, 2188770261
0, 4, 2296008255
0, 4, 1989787765
0, 4, 1976122570
0, 4, 2063685559
4, 0, 1825262631
0, 4, 2030747571
4, 0, 2015031510
0, 4, 2207839486
4, 0, 2049265771
0, 4, 1990213029
0, 4, 2233650446
0, 4, 1688818780
0, 4, 2190686056
4, 0, 2194282806
4, 0, 1574106077
4, 0, 1988726639
0, 4, 2003710175
0, 4, 1971399305
0, 4, 1972399911
0, 4, 2230586971
0, 4, 2060546487
0, 4, 1995126681
0, 4, 1751741474
0, 4, 1983427578
4, 0, 1469817635
0, 4, 2174566568
0, 4, 1691972876
0, 4, 1932461709
0, 4, 1985986062
0, 4, 1989694286
0, 4, 1564779868
0, 4, 1979879317
0, 4, 2016698529
0, 4, 1759933073
0, 4, 2208749081
4, 0, 1990872440
0, 4, 2221249487
0, 4, 1551683036
0, 4, 2061287579
0, 4, 1986619770
0, 4, 1556360898
0, 4, 1932294612
0, 4, 1881159228
0, 4, 2189110215
0, 4, 2206429183
0, 4, 2069639922
0, 4, 1965878710
0, 4, 2236523671
0, 4, 1836454904
4, 0, 1983952145
0, 4, 1999511662
0, 4, 2187202540
0, 4, 1980929598
0, 4, 1984395798
0, 4, 2032506760
0, 4, 1973992565
4, 0, 1564317284
4, 0, 1936080371
0, 4, 2006458501
0, 4, 2002498280
0, 4, 2188316312
0, 4, 1794227178
0, 4, 2301379387
0, 4, 1997120451
0, 4, 2008164763
0, 4, 2062277398
0, 4, 1999667170
0, 4, 2061167562
0, 4, 2266636645
0, 4, 2215222137
4, 0, 2058465814
0, 4, 1883076919
0, 4, 1676253209
0, 4, 1468769212
4, 0, 2001268591
0, 4, 1573685091
4, 0, 2070982324
0, 4, 2177682346
0, 4, 1825438104
0, 4, 2047675036
0, 4, 2066526485
0, 4, 2252066774
0, 4, 2071326407
0, 4, 2001028993
0, 4, 1553944744
0, 4, 1694255416
4, 0, 1991018024
0, 4, 2013545135
0, 4, 2188826690
0, 4, 2324635889
4, 0, 1678493300
0, 4, 1573310055
0, 4, 2263222826
0, 4, 2327004272
4, 0, 2055636110
0, 4, 2051339200
0, 4, 1548778307
4, 0, 1985115832
0, 4, 2062078748
0, 4, 2053858057
0, 4, 2072450356
0, 4, 1994997177
0, 4, 1979138878
0, 4, 2071775489
0, 4, 2185893285
0, 4, 2327210549
0, 4, 1975861525
0, 4, 1956702799
0, 4, 1962158314
0, 4, 2265755434
0, 4, 1548318058
0, 4, 2187561179
0, 4, 2259997659
0, 4, 2185442798
0, 4, 2002961725
4, 0, 2188927424
0, 4, 1970221271
0, 4, 1883344152
0, 4, 2198866663
4, 0, 2071520020
0, 4, 2217011760
4, 0, 2005119960
0, 4, 2261666143
0, 4, 1824409638
0, 4, 1984505941
0, 4, 2045437602
0, 4, 2068848704
0, 4, 2298399890
0, 4, 2008556706
0, 4, 1573649805
0, 4, 1551714135
0, 4, 2237121585
0, 4, 2207978779
0, 4, 2001255479
0, 4, 2189779969
0, 4, 1977478446
0, 4, 1565792132
0, 4, 1824898282
0, 4, 2219281576
0, 4, 2065820335
0, 4, 1823834710
0, 4, 1970647193
0, 4, 2247030639
0, 4, 2065087406
0, 4, 1978823212
0, 4, 1685127332
0, 4, 2064925896
0, 4, 2301532605
4, 0, 2176171859
4, 0, 2181802712
0, 4, 1974052229
0, 4, 1963135793
0, 4, 2065130166
0, 4, 2068197889
0, 4, 1562361914
0, 4, 2217417659
0, 4, 2204099535
0, 4, 2238131516
0, 4, 2263099021
0, 4, 1974445089
0, 4, 2175554505
0, 4, 2039779782
0, 4, 2186649998
0, 4, 1883464612
4, 0, 1693743621
0, 4, 1881204933
4, 0, 2002464440
0, 4, 2187839029
0, 4, 1827121512
4, 0, 1999100085
0, 4, 1962372821
0, 4, 2227046382
4, 0, 1966904988
4, 0, 1676953457
0, 4, 2322190065
4, 0, 1970664646
0, 4, 1989201381
4, 0, 1985167510
0, 4, 1962661667
4, 0, 2203090688
0, 4, 1686043770
0, 4, 1834036101
0, 4, 2018947471
0, 4, 2202950124
0, 4, 2178788980
0, 4, 1992271679
0, 4, 2302485564
0, 4, 1556360851
0, 4, 1692287477
0, 4, 2197968184
0, 4, 2050581757
0, 4, 2230523120
4, 0, 1882521785
0, 4, 2071915457
0, 4, 2257772523
4, 0, 2049273943
0, 4, 2205513538
4, 0, 1752940910
0, 4, 2298507519
4, 0, 1678575262
0, 4, 1963821291
4, 0, 2001123605
0, 4, 2174822576
0, 4, 2053503694
0, 4, 1993245980
0, 4, 2014310371
0, 4, 1968249780
0, 4, 1794783941
0, 4, 2063000797
0, 4, 2192881136
0, 4, 1965887145
0, 4, 2213035047
0, 4, 2299021382
4, 0, 2188582926
4, 0, 2262400586
0, 4, 2054152825
0, 4, 1971591438
0, 4, 1684819899
0, 4, 1685030715
0, 4, 1984090316
0, 4, 2054005955
0, 4, 2054150630
0, 4, 1996518644
0, 4, 2228670370
4, 0, 2176058972
0, 4, 1977528561
0, 4, 2064941735
0, 4, 1880475139
0, 4, 1834170228
0, 4, 2253152426
4, 0, 2067294702
0, 4, 2055307907
4, 0, 2062993878
0, 4, 2063873722
0, 4, 2051872227
4, 0, 2066717717
0, 4, 1573069356
0, 4, 2051249579
0, 4, 1827752096
0, 4, 1791921376
4, 0, 1982311172
0, 4, 2175177983
0, 4, 2060905738
0, 4, 2289581279
0, 4, 2031912467
4, 0, 1881537775
0, 4, 2263134142
0, 4, 1980210924
4, 0, 2226512755
0, 4, 1981917790
0, 4, 1961039457
0, 4, 1981985306
0, 4, 1982907821
0, 4, 2321872260
0, 4, 2065018993
0, 4, 2174765159
0, 4, 2070428023
0, 4, 1468869955
0, 4, 2002141589
0, 4, 2321780048
0, 4, 2224402427
0, 4, 1693670268
0, 4, 2175517898
0, 4, 2055056901
0, 4, 2251000206
0, 4, 2063617932
0, 4, 2045170497
0, 4, 2065026873
0, 4, 2247143126
4, 0, 2019009686
0, 4, 2053861047
0, 4, 1681092997
0, 4, 2066923231
0, 4, 2257606325
0, 4, 2208335973
0, 4, 1551484704
4, 0, 2192140150
0, 4, 1995573408
4, 0, 1977222243
0, 4, 2054961170
0, 4, 2212259293
0, 4, 1972674580
0, 4, 2064412482
0, 4, 1676129392
0, 4, 2323031582
4, 0, 1962203730
0, 4, 1968678347
0, 4, 2186080032
4, 0, 2015599568
0, 4, 1468294189
0, 4, 2053502340
0, 4, 2226124960
0, 4, 1976558032
4, 0, 2048832503
4, 0, 2061233561
0, 4, 2262668735
4, 0, 2069325991
0, 4, 1980818632
0, 4, 2053894369
0, 4, 2231221308
0, 4, 1970569246
0, 4, 1833342283
0, 4, 1995821977
4, 0, 1834175920
0, 4, 2303067785
0, 4, 1469504046
0, 4, 1983976761
0, 4, 2253612218
0, 4, 2176159328
0, 4, 1771153307
0, 4, 2053772571
0, 4, 1469269900
0, 4, 2055414617
0, 4, 2059710927
4, 0, 2056951929
4, 0, 1933035513
0, 4, 1977122299
0, 4, 2014023109
0, 4, 2229230553
4, 0, 1990132042
4, 0, 2190443867
4, 0, 2057422041
0, 4, 2062733801
0, 4, 1692671767
4, 0, 1983362612
0, 4, 2299585957
0, 4, 2201290255
4, 0, 1833020239
0, 4, 2051574815
0, 4, 1793438760
0, 4, 2051242812
0, 4, 1977910060
4, 0, 1955945305
0, 4, 2185779090
4, 0, 2055446908
0, 4, 2011541308
0, 4, 1993540627
0, 4, 1979824544
4, 0, 1678069744
0, 4, 1679241097
0, 4, 2066060245
4, 0, 2191481232
0, 4, 1695101626
0, 4, 2185600725
0, 4, 1979428033
0, 4, 2013693590
0, 4, 1565365365
0, 4, 1985557373
0, 4, 1468623062
0, 4, 1695620876
0, 4, 1573581030
0, 4, 1981817673
0, 4, 1995018447
0, 4, 2066809399
0, 4, 1994447094
0, 4, 1977179110
0, 4, 2324039321
0, 4, 2015986647
0, 4, 2252975523
0, 4, 1753631640
0, 4, 2234939097
0, 4, 1823048241
0, 4, 1962201199
0, 4, 1833888453
4, 0, 1995874025
0, 4, 2052700840
0, 4, 1998493769
0, 4, 1573804506
4, 0, 2178839426
0, 4, 2003204139
0, 4, 2060262938
0, 4, 2198528180
4, 0, 1880692135
0, 4, 2299984587
4, 0, 2059347846
0, 4, 1558167236
0, 4, 1972239582
4, 0, 1694385463
0, 4, 1962907469
4, 0, 1980911890
0, 4, 2014753660
0, 4, 2176936582
0, 4, 2255716698
0, 4, 2298073997
0, 4, 1968910166
0, 4, 1992230245
0, 4, 1686212003
0, 4, 1753275768
4, 0, 1979848455
4, 0, 1984548819
4, 0, 2049697065
0, 4, 1974529849
0, 4, 2068416130
0, 4, 1995018894
0, 4, 1983326993
0, 4, 2188633265
0, 4, 1974029951
0, 4, 1962395745
0, 4, 2183548578
0, 4, 2060908196
0, 4, 2055839962
0, 4, 2198932807
4, 0, 2015071841
0, 4, 1960672480
0, 4, 2221708293
0, 4, 1966409863
0, 4, 1573485260
0, 4, 2260735518
4, 0, 1750930618
0, 4, 1558265511
0, 4, 1979536499
0, 4, 1835888198
0, 4, 1827381443
0, 4, 1990128238
4, 0, 2050152197
0, 4, 1956850350
0, 4, 2014984683
0, 4, 2010302893
0, 4, 2057099793
0, 4, 2249367455
0, 4, 1556811409
0, 4, 2176727195
0, 4, 2183888298
0, 4, 1966782417
0, 4, 1676808119
0, 4, 2262371572
0, 4, 2050041247
0, 4, 1996109675
0, 4, 1750895141
0, 4, 2301856702
0, 4, 2015735194
0, 4, 2063450478
0, 4, 2058246335
4, 0, 2060241369
0, 4, 1984291130
0, 4, 1556065268
0, 4, 1551303814
0, 4, 1990349793
4, 0, 2060527446
0, 4, 2068258475
0, 4, 1981900585
0, 4, 1932938435
4, 0, 1992294169
0, 4, 1836342106
0, 4, 1984896388
4, 0, 1469130962
0, 4, 2062648927
0, 4, 2236462381
0, 4, 2215298523
4, 0, 1573719639
0, 4, 1791922600
4, 0, 2053131974
0, 4, 1978859250
4, 0, 1977194800
0, 4, 2241025535
4, 0, 1969931486
0, 4, 1977307638
0, 4, 2069267718
0, 4, 2282701562
4, 0, 2016642645
0, 4, 2067276560
0, 4, 2002874610
4, 0, 1970364001
0, 4, 1822723156
0, 4, 2016072529
0, 4, 2058726612
0, 4, 2047434135
0, 4, 1771210128
0, 4, 2178753760
0, 4, 2189174952
0, 4, 2189876330
0, 4, 2218350616
0, 4, 2065460737
0, 4, 2069362236
0, 4, 2329116052
4, 0, 1973123252
0, 4, 2224974097
0, 4, 2260712188
0, 4, 1754005672
0, 4, 1969356296
0, 4, 2231209655
0, 4, 1882386046
0, 4, 2044219446
0, 4, 1995529821
0, 4, 1833831746
0, 4, 1696004171
0, 4, 2011837503
0, 4, 2176538292
4, 0, 2016440232
0, 4, 2186105344
0, 4, 1680776689
0, 4, 1975439293
0, 4, 1962515341
0, 4, 2225050571
0, 4, 2178777633
0, 4, 2064217114
0, 4, 2191471767
4, 0, 1967697025
0, 4, 2257442008
4, 0, 1685903028
0, 4, 1983239020
4, 0, 2208963498
0, 4, 2288288873
0, 4, 1694401661
0, 4, 2282338183
0, 4, 2212930982
0, 4, 1558707117
0, 4, 2057628917
4, 0, 2061826540
0, 4, 2297180637
0, 4, 2014197788
4, 0, 1962177587
0, 4, 2209778910
4, 0, 2187969214
4, 0, 1754377309
0, 4, 2193189366
0, 4, 2265945517
0, 4, 1760179839
4, 0, 1691162994
0, 4, 2063984098
4, 0, 1964171297
0, 4, 2225615087
0, 4, 2070377275
0, 4, 1836296673
0, 4, 1835901539
0, 4, 2234704152
0, 4, 1960296107
0, 4, 2071700951
0, 4, 1986770000
4, 0, 1992539398
0, 4, 1965485752
0, 4, 1676995528
0, 4, 1989573264
4, 0, 1791599250
0, 4, 2064037203
0, 4, 1968784120
0, 4, 1559673443
0, 4, 1974682319
0, 4, 1967847540
0, 4, 2064316089
0, 4, 2061164776
0, 4, 1964195230
0, 4, 2178934131
0, 4, 1759384052
0, 4, 1989397238
0, 4, 2063643369
0, 4, 1752019443
0, 4, 2004454660
0, 4, 1468251200
0, 4, 1991816238
0, 4, 2018460485
0, 4, 1793659391
0, 4, 1676253081
0, 4, 1932925359
0, 4, 1469367959
0, 4, 2066286615
0, 4, 2048381861
0, 4, 2048902399
0, 4, 2190503377
4, 0, 2013240150
0, 4, 1880663618
0, 4, 2253440543
0, 4, 2250280082
0, 4, 1687402452
0, 4, 1976855984
0, 4, 2176090590
0, 4, 2300594071
4, 0, 2053630459
4, 0, 2191147690
0, 4, 2052454714
0, 4, 2066156041
0, 4, 1828053716
0, 4, 1970784918
0, 4, 2003079325
0, 4, 1977554108
0, 4, 1882157253
0, 4, 2016123301
0, 4, 1989238668
0, 4, 2192124502
0, 4, 1997517447
0, 4, 1969846142
0, 4, 2048202160
0, 4, 1968663549
0, 4, 1677379060
0, 4, 1880888805
0, 4, 1880755392
0, 4, 2059962410
0, 4, 2015752352
0, 4, 1834795628
0, 4, 1999838272
0, 4, 2176311379
0, 4, 1686528624
0, 4, 2219507949
4, 0, 1573666657
0, 4, 2053080938
0, 4, 1564959316
0, 4, 2264993614
4, 0, 1974514482
0, 4, 1966113423
0, 4, 2039870010
0, 4, 2248744290
0, 4, 1977271786
0, 4, 1686105732
0, 4, 2070727729
0, 4, 1970884403
4, 0, 2210532602
0, 4, 2013791295
0, 4, 2051022295
4, 0, 1831204468
0, 4, 1680884655
0, 4, 2048138657
0, 4, 1973096590
0, 4, 1967655300
4, 0, 2049595198
0, 4, 1469760459
0, 4, 2052512832
0, 4, 2235737384
0, 4, 1553393810
0, 4, 2265504787
0, 4, 2238355534
0, 4, 2252090548
0, 4, 2053748954
0, 4, 2061048805
0, 4, 2070031528
0, 4, 1676093355
0, 4, 1970254252
0, 4, 1793751871
0, 4, 1824430332
0, 4, 1792117812
0, 4, 1753466682
4, 0, 1693179406
0, 4, 1573069723
0, 4, 2007242690
0, 4, 1826165335
0, 4, 2286774940
0, 4, 1972827398
0, 4, 2056716807
0, 4, 2178133671
0, 4, 2174951964
0, 4, 1557915414
0, 4, 2054502542
0, 4, 2257350264
0, 4, 1559356958
0, 4, 2050327601
0, 4, 1979750162
0, 4, 1834518030
0, 4, 2064592635
4, 0, 2182970438
0, 4, 2185048866
0, 4, 2247678534
0, 4, 1751324739
0, 4, 2013819123
0, 4, 1995403087
0, 4, 2017680470
0, 4, 2039896498
0, 4, 2060770121
0, 4, 1994113232
0, 4, 1998876576
4, 0, 2067663932
0, 4, 2044202666
4, 0, 1992419405
0, 4, 2064056843
0, 4, 2053388905
0, 4, 1825716046
0, 4, 2013358157
0, 4, 1794010893
4, 0, 1827055126
0, 4, 1982098562
0, 4, 2067108245
4, 0, 1556760752
0, 4, 2242077959
0, 4, 2014866449
0, 4, 2052834135
0, 4, 2048349068
0, 4, 1998086133
0, 4, 1985417269
0, 4, 2065040075
0, 4, 1752416053
0, 4, 2015127795
0, 4, 2306279843
4, 0, 2175964661
0, 4, 1999294405
0, 4, 1676641040
0, 4, 1828042867
0, 4, 2015553875
4, 0, 2062265378
0, 4, 1990293696
4, 0, 2188958699
0, 4, 2013341815
0, 4, 2242940814
4, 0, 2052097461
0, 4, 1967076602
0, 4, 2062091357
0, 4, 1983618825
0, 4, 1989482645
0, 4, 1989063618
4, 0, 1823814469
4, 0, 2059530050
0, 4, 1984411784
0, 4, 2052192884
0, 4, 1554138049
0, 4, 1694531082
0, 4, 2267073422
0, 4, 1882549964
0, 4, 2247506185
4, 0, 1999434844
0, 4, 1834184580
0, 4, 2199717230
0, 4, 2061190288
4, 0, 2062866238
0, 4, 2002711429
0, 4, 1980177200
0, 4, 2060115704
0, 4, 1999764270
0, 4, 2175300940
0, 4, 2295815562
0, 4, 2057779625
0, 4, 2058062239
0, 4, 2015436008
0, 4, 1996357305
0, 4, 2179726199
0, 4, 1686303213
0, 4, 2016632136
0, 4, 2193676961
0, 4, 2013536174
4, 0, 1823991640
0, 4, 2063069686
0, 4, 1980724234
4, 0, 2244975634
4, 0, 1694182717
0, 4, 2056992581
4, 0, 1686467172
0, 4, 2195537615
0, 4, 2063667750
0, 4, 2264401777
4, 0, 1550786370
0, 4, 1991260746
0, 4, 1963213660
0, 4, 2188359991
0, 4, 2052535602
0, 4, 2065346963
0, 4, 2177406136
0, 4, 2048070164
4, 0, 1754599331
0, 4, 2226386826
0, 4, 2048638853
0, 4, 1836572807
4, 0, 1751641728
0, 4, 1823970850
0, 4, 1978712126
4, 0, 2189367809
0, 4, 2060137856
0, 4, 2249657762
0, 4, 1553926283
0, 4, 2190775657
0, 4, 1960630050
0, 4, 1977881484
0, 4, 1825326982
0, 4, 2065057641
0, 4, 2004199978
0, 4, 1573529860
0, 4, 1833887489
0, 4, 2176359352
0, 4, 2207527323
0, 4, 1964763479
0, 4, 1985550483
4, 0, 2180325900
0, 4, 2064647108
0, 4, 1573597333
0, 4, 2009364866
0, 4, 2179777403
0, 4, 1978148270
0, 4, 1974037882
0, 4, 2230395383
4, 0, 2056771164
0, 4, 2301150994
0, 4, 1976912718
0, 4, 2013900996
0, 4, 1986641242
0, 4, 2062650412
4, 0, 2001817876
0, 4, 2211575604
0, 4, 1971095958
0, 4, 2222560549
0, 4, 1677076299
0, 4, 1970044676
0, 4, 1979157950
0, 4, 1994288577
0, 4, 1468596929
4, 0, 1970179540
0, 4, 2001404025
0, 4, 2257677624
0, 4, 2252446670
0, 4, 2230163102
0, 4, 1971591897
0, 4, 2002914471
0, 4, 2178789621
4, 0, 1564624568
0, 4, 1827219343
0, 4, 1753876882
4, 0, 2065917031
0, 4, 1753965909
0, 4, 1978172682
0, 4, 1754547941
0, 4, 1469221880
0, 4, 1974608609
0, 4, 2195369674
0, 4, 2255809977
4, 0, 1824582751
0, 4, 1551179767
0, 4, 2017125217
0, 4, 1979632145
0, 4, 1793985685
0, 4, 1932858806
0, 4, 1966523824
0, 4, 1835599649
4, 0, 1751431183
0, 4, 2054612319
0, 4, 2191407108
0, 4, 1932328260
0, 4, 2250191633
0, 4, 1573252109
0, 4, 1825717070
4, 0, 2174596521
0, 4, 2233068049
0, 4, 2001672718
4, 0, 2063063044
0, 4, 2185077076
0, 4, 1557361408
4, 0, 1677131734
0, 4, 2191878185
0, 4, 1995308614
0, 4, 1967584382
0, 4, 1826451755
0, 4, 1686828899
0, 4, 2186641474
0, 4, 2001495919
0, 4, 2059435727
0, 4, 1759773677
0, 4, 1984482037
0, 4, 1972212044
0, 4, 2055012070
0, 4, 1678432653
4, 0, 1823572407
0, 4, 2180749805
0, 4, 1974690265
0, 4, 1822539039
4, 0, 1974101945
0, 4, 1991456970
0, 4, 1754179676
0, 4, 2010153397
0, 4, 2068900989
4, 0, 1833735491
0, 4, 1981564503
0, 4, 2000876174
0, 4, 2323407818
4, 0, 2054265158
0, 4, 2174661601
0, 4, 1932396808
0, 4, 2297768877
4, 0, 1998163623
0, 4, 2049499233
0, 4, 1684981732
0, 4, 2071451838
0, 4, 2069228355
0, 4, 1968680829
0, 4, 2064229911
0, 4, 2050208472
0, 4, 2018754422
0, 4, 2058490718
0, 4, 2070563907
0, 4, 2282498761
4, 0, 1989832348
0, 4, 1551711463
0, 4, 2069175213
0, 4, 1573968692
0, 4, 1958074103
0, 4, 2013495503
0, 4, 2246556918
4, 0, 2190656080
0, 4, 1970092385
0, 4, 2060330217
0, 4, 1991966926
0, 4, 1684762584
0, 4, 2175134218
0, 4, 2190329703
0, 4, 1979099239
0, 4, 1980287632
0, 4, 1980398792
0, 4, 2202944764
4, 0, 1956327294
0, 4, 2050657297
0, 4, 1754548946
0, 4, 1691421177
0, 4, 2001540438
0, 4, 1968202167
0, 4, 2044930269
0, 4, 1967287316
0, 4, 1882215056
0, 4, 1976856746
0, 4, 2194328264
0, 4, 2067115777
4, 0, 1555732276
0, 4, 1827812330
0, 4, 1990590513
4, 0, 1989308860
0, 4, 1833802719
0, 4, 2176769626
0, 4, 2236260856
0, 4, 1979365952
4, 0, 1978347123
0, 4, 1883035964
0, 4, 1992032581
0, 4, 2071890484
0, 4, 2282471944
0, 4, 1965081394
4, 0, 1760212893
0, 4, 2057709063
0, 4, 2046587649
0, 4, 1990436668
4, 0, 1962436596
0, 4, 2188583414
0, 4, 1966338217
0, 4, 2054350233
0, 4, 1835501911
0, 4, 1693379155
0, 4, 2048384620
4, 0, 1997260503
0, 4, 1967077689
0, 4, 2206673223
4, 0, 2175622796
0, 4, 2174775006
0, 4, 2284928797
0, 4, 2068274687
0, 4, 1956860826
0, 4, 2183014602
0, 4, 2054764604
0, 4, 2000632044
0, 4, 2231649992
0, 4, 1977536684
0, 4, 2056484544
0, 4, 1795400382
0, 4, 1988817262
4, 0, 2069025296
0, 4, 2003247771
0, 4, 2191463178
0, 4, 2005405737
0, 4, 2242999444
0, 4, 1750920435
0, 4, 2283465102
0, 4, 1982835207
4, 0, 2058382558
0, 4, 1469393410
0, 4, 2284091489
4, 0, 2071497176
0, 4, 2186593759
0, 4, 1752088198
0, 4, 2174644023
0, 4, 1823154411
4, 0, 1826036335
0, 4, 1978028062
0, 4, 2001404553
0, 4, 1990590972
0, 4, 2197082606
0, 4, 1827509628
0, 4, 2014693062
0, 4, 2048637773
0, 4, 1752895729
0, 4, 1881011240
0, 4, 2060488783
0, 4, 1751949655
4, 0, 2000560641
0, 4, 2233325142
0, 4, 2071094028
0, 4, 1975783694
4, 0, 1881755425
0, 4, 1996787711
0, 4, 2065156743
0, 4, 1681031275
4, 0, 1979449971
0, 4, 2231628411
4, 0, 2064435287
0, 4, 2189381504
0, 4, 2064769664
4, 0, 1755808837
0, 4, 1985366963
0, 4, 2053058541
0, 4, 2008810699
0, 4, 2039871503
0, 4, 2225549054
0, 4, 2000179440
0, 4, 1986704344
4, 0, 1991037095
0, 4, 1970647817
0, 4, 1989055740
0, 4, 1881383889
0, 4, 2192551492
0, 4, 2191035313
0, 4, 2326013784
4, 0, 2058246579
0, 4, 2191147936
0, 4, 1753231189
0, 4, 2001120667
0, 4, 1965599722
4, 0, 1997987337
0, 4, 1558765395
0, 4, 2252284096
0, 4, 1982989985
0, 4, 2018508195
4, 0, 1685720185
0, 4, 2017882305
0, 4, 1558477632
0, 4, 1969783740
0, 4, 1996909675
0, 4, 1966042682
0, 4, 1979190716
0, 4, 2266226080
4, 0, 1976752440
4, 0, 1554402171
0, 4, 1835324555
0, 4, 1989911401
0, 4, 2186902403
4, 0, 1832256199
0, 4, 2054742785
4, 0, 1989636690
0, 4, 2001032737
4, 0, 2190858783
0, 4, 2189447467
0, 4, 1965524757
0, 4, 2003537756
0, 4, 2248258272
0, 4, 1979317118
0, 4, 2050641615
0, 4, 1956355744
4, 0, 1996934919
0, 4, 2257271361
0, 4, 2295890121
0, 4, 1972751510
4, 0, 2012549126
0, 4, 1835974474
0, 4, 2001414712
0, 4, 1957745916
0, 4, 2191235541
0, 4, 1678693773
0, 4, 2014918603
0, 4, 1754192209
0, 4, 2205576281
0, 4, 2056502731
0, 4, 2189981065
0, 4, 1933141775
4, 0, 1687306308
0, 4, 2000953619
4, 0, 1995064869
0, 4, 1985099724
0, 4, 1825055676
0, 4, 2068870503
0, 4, 1971940508
0, 4, 1695137257
0, 4, 2229759209
4, 0, 2001373174
0, 4, 2016689618
0, 4, 1982890263
0, 4, 2051718391
0, 4, 2191204299
0, 4, 1997890629
0, 4, 1792865652
0, 4, 1882875094
0, 4, 1970538978
0, 4, 1565878401
0, 4, 1835772659
0, 4, 1964835491
4, 0, 1558560556
0, 4, 1999500328
0, 4, 1974427800
0, 4, 1676387727
0, 4, 1960809900
0, 4, 1973401861
0, 4, 1982416229
0, 4, 2232194676
0, 4, 1978441286
4, 0, 1834038514
0, 4, 1691901682
0, 4, 2058387492
0, 4, 2008900877
0, 4, 1982801240
0, 4, 2053881057
0, 4, 1880562629
0, 4, 1967369410
0, 4, 2244083445
0, 4, 2054299476
0, 4, 1989315795
0, 4, 1982787500
0, 4, 2266286316
0, 4, 1974509867
0, 4, 1976351799
0, 4, 2266171961
0, 4, 2016990294
4, 0, 1969802101
0, 4, 1834115557
4, 0, 1826489288
0, 4, 2262218376
0, 4, 1834125681
0, 4, 1835721508
0, 4, 2047672907
0, 4, 1833310414
0, 4, 1558669355
0, 4, 1956159580
0, 4, 2247874088
4, 0, 2256708727
0, 4, 1676456036
0, 4, 2243760658
0, 4, 2053748414
0, 4, 2054657043
0, 4, 1823417257
0, 4, 2039711243
0, 4, 1823478020
0, 4, 2251859726
0, 4, 1984530142
4, 0, 1962938559
0, 4, 2174521803
0, 4, 2227948910
0, 4, 2064909087
0, 4, 1823791724
0, 4, 1880709634
0, 4, 1686567105
0, 4, 1831347423
0, 4, 2266109071
0, 4, 1555977285
0, 4, 2053722413
0, 4, 1991911169
0, 4, 1976854483
0, 4, 1997735833
0, 4, 1985395190
0, 4, 1986425054
0, 4, 1693974977
0, 4, 1997975253
0, 4, 1794390059
4, 0, 1986719039
0, 4, 2065056427
0, 4, 2067529154
0, 4, 1989325840
0, 4, 2188659334
0, 4, 2057506581
4, 0, 1972631580
0, 4, 2190457985
0, 4, 1998109242
0, 4, 2052245373
4, 0, 2176535661
0, 4, 1678977497
0, 4, 2246940114
0, 4, 2017436274
0, 4, 1554461032
4, 0, 2012136653
0, 4, 2058255096
0, 4, 2014438311
4, 0, 2069249562
0, 4, 1977051436
4, 0, 2016380616
0, 4, 1989998422
0, 4, 2064027235
4, 0, 1558023914
0, 4, 2186788456
0, 4, 2191765915
0, 4, 2069184701
4, 0, 1957490637
0, 4, 1975823112
4, 0, 1556499434
0, 4, 1961479003
4, 0, 2071115910
0, 4, 1969829341
0, 4, 2013302940
0, 4, 1983734284
4, 0, 2045986175
0, 4, 1548913969
0, 4, 1834702702
0, 4, 2248491087
0, 4, 1936064597
0, 4, 2064727148
0, 4, 2246087174
0, 4, 1793180190
0, 4, 2053126193
0, 4, 2052897293
0, 4, 1998524385
0, 4, 2207421299
0, 4, 2071030719
0, 4, 1967641411
0, 4, 2014339990
0, 4, 2002127295
0, 4, 1996805155
0, 4, 2000934159
4, 0, 2013656946
0, 4, 1991527141
0, 4, 1983315310
0, 4, 1469107790
0, 4, 1556936369
4, 0, 2052589205
0, 4, 1686956999
0, 4, 2192548077
0, 4, 2068458369
0, 4, 1981172548
0, 4, 2234802274
4, 0, 2039868322
0, 4, 1573814783
0, 4, 1793854749
0, 4, 1685213823
0, 4, 1978174976
0, 4, 1825607170
0, 4, 1883365340
0, 4, 1824179515
0, 4, 1997427492
0, 4, 1976197547
0, 4, 2284824673
0, 4, 1974908002
4, 0, 2070407952
0, 4, 2048594311
0, 4, 1796904794
0, 4, 1693018571
0, 4, 1882374395
0, 4, 1557584809
0, 4, 2210913231
0, 4, 1981801687
0, 4, 1825028765
0, 4, 1565947250
0, 4, 2176874154
4, 0, 1573234436
0, 4, 2063652830
0, 4, 1824785620
0, 4, 2014471247
0, 4, 2015528854
0, 4, 1973519672
0, 4, 1984759440
0, 4, 2260812954
0, 4, 1978359765
0, 4, 1556361985
0, 4, 2190686027
0, 4, 1979607700
0, 4, 1754025417
0, 4, 1977318353
4, 0, 2323728353
0, 4, 2206173884
0, 4, 2052425245
0, 4, 1974738469
0, 4, 1834903824
0, 4, 2323324096
4, 0, 2063848106
0, 4, 2200190466
0, 4, 2069267214
0, 4, 2326572499
0, 4, 1832860119
0, 4, 2250543221
0, 4, 1956733979
0, 4, 2196800205
0, 4, 2058552052
0, 4, 1676424281
4, 0, 2189995594
0, 4, 1676638359
0, 4, 2260024375
0, 4, 1754602246
0, 4, 1981801688
0, 4, 1827978952
0, 4, 2051958919
0, 4, 2064955744
4, 0, 2056382582
0, 4, 2190385916
0, 4, 2000877074
0, 4, 1996452555
4, 0, 2189302981
0, 4, 1932888053
0, 4, 1989854387
0, 4, 1988696824
4, 0, 1564252761
0, 4, 2262104618
0, 4, 1825975607
0, 4, 1793499138
0, 4, 1997697519
4, 0, 2069118726
0, 4, 2192936251
0, 4, 2007800673
0, 4, 1999075773
4, 0, 1973485358
0, 4, 1883276286
4, 0, 1975694092
0, 4, 1970148751
0, 4, 1688115203
0, 4, 2190845216
4, 0, 2043892498
0, 4, 1993665264
0, 4, 2010601007
0, 4, 1553368716
0, 4, 1684969857
0, 4, 1972282201
0, 4, 1960396697
0, 4, 1824346200
4, 0, 2066974254
0, 4, 1882895988
0, 4, 1985958681
4, 0, 1753519132
0, 4, 1995939628
0, 4, 1976012979
0, 4, 2011037714
0, 4, 2232828061
4, 0, 1823994596
0, 4, 1752964724
0, 4, 2244745244
0, 4, 1824135548
0, 4, 1975155081
0, 4, 2192474921
4, 0, 2063935126
0, 4, 2215327643
4, 0, 1966465433
0, 4, 1994185945
0, 4, 2256559736
0, 4, 2186861371
0, 4, 1677893444
0, 4, 1753498357
0, 4, 2200369108
0, 4, 2259517777
0, 4, 2003536021
0, 4, 2057168329
0, 4, 1957276202
0, 4, 1974428540
4, 0, 1980682504
0, 4, 1557133612
0, 4, 2193202841
4, 0, 1995574087
0, 4, 2180103695
4, 0, 1998341704
0, 4, 1557376333
0, 4, 2047656205
0, 4, 1834789458
0, 4, 2178997708
4, 0, 2060582372
0, 4, 2251361662
0, 4, 2215231432
0, 4, 2055478726
0, 4, 1827539179
0, 4, 2060077501
0, 4, 1827894541
0, 4, 2014757898
4, 0, 2263353407
4, 0, 1693767905
0, 4, 2069482921
0, 4, 1972439010
0, 4, 2222293079
4, 0, 1991350427
0, 4, 1551523241
0, 4, 2299132879
0, 4, 2238794725
0, 4, 2031663199
4, 0, 1686044244
0, 4, 1997787592
0, 4, 1984716271
0, 4, 2177481904
0, 4, 1981996395
4, 0, 1998940148
0, 4, 2014888238
0, 4, 1823121412
0, 4, 2255992231
0, 4, 2191866140
0, 4, 2187504348
0, 4, 2232320749
0, 4, 2262939827
0, 4, 2031083377
0, 4, 2064561104
0, 4, 1997123039
0, 4, 2053368688
0, 4, 1880607409
0, 4, 1993816360
0, 4, 1989650043
0, 4, 1686004998
4, 0, 2002083818
0, 4, 2064445962
0, 4, 1468835040
0, 4, 1795856622
0, 4, 2256663032
0, 4, 2190641532
4, 0, 1695965030
0, 4, 1880572429
0, 4, 2053209711
0, 4, 2215227391
0, 4, 2069805535
0, 4, 1957429060
0, 4, 1677330296
0, 4, 2000351079
0, 4, 2206718841
0, 4, 2250223135
0, 4, 2226601204
0, 4, 1979310641
0, 4, 1687496723
0, 4, 2051747140
0, 4, 1468305298
0, 4, 2060492706
0, 4, 1686297721
0, 4, 1984106267
0, 4, 2202730550
0, 4, 2048491389
0, 4, 1976169021
0, 4, 1793904315
4, 0, 1880984162
4, 0, 1559875649
4, 0, 1968184163
0, 4, 1835908692
0, 4, 1999746989
0, 4, 1967251110
0, 4, 2068887260
0, 4, 2191292994
0, 4, 1692448603
0, 4, 2061982700
4, 0, 2068513183
0, 4, 1880736368
0, 4, 1468293310
4, 0, 1969865016
4, 0, 1677311131
4, 0, 1956321128
0, 4, 2246556581
0, 4, 1981815354
0, 4, 1793481936
0, 4, 1751786528
0, 4, 1826416844
0, 4, 1970518051
0, 4, 2062915421
0, 4, 2048072283
0, 4, 2047935029
4, 0, 1968793679
0, 4, 1996453561
0, 4, 1966875149
0, 4, 1677636277
4, 0, 2258970366
4, 0, 2236416848
4, 0, 1565917430
0, 4, 1966636524
0, 4, 1976481129
0, 4, 2187654268
4, 0, 2207137345
4, 0, 1967887709
0, 4, 2051674050
0, 4, 1685727442
0, 4, 1989897759
0, 4, 2296478480
0, 4, 1695649840
4, 0, 1978962713
0, 4, 1564275114
0, 4, 1965553903
4, 0, 1573878412
0, 4, 2065365119
0, 4, 2225246855
0, 4, 2189183698
0, 4, 2000333929
0, 4, 2177561747
0, 4, 2050282339
0, 4, 1686564219
0, 4, 2190394591
0, 4, 2177987567
0, 4, 2064532491
0, 4, 1978953798
0, 4, 1828054160
0, 4, 2064312904
0, 4, 1983049388
0, 4, 1573491609
0, 4, 2248232254
0, 4, 2050329463
0, 4, 1963463834
0, 4, 1677107805
0, 4, 1881187433
0, 4, 2186170927
0, 4, 1675862988
0, 4, 1688043632
0, 4, 2058369664
4, 0, 1828024584
0, 4, 2259568885
0, 4, 1956326307
0, 4, 1994251292
0, 4, 1963998125
0, 4, 1997750311
0, 4, 2063489310
0, 4, 2190832846
0, 4, 1989741850
4, 0, 1556846687
0, 4, 1986134182
0, 4, 1881754375
0, 4, 1956246359
0, 4, 1991189594
4, 0, 2067998234
0, 4, 2301045935
0, 4, 1468851257
0, 4, 2176601310
0, 4, 2013179966
0, 4, 2061514319
0, 4, 2254017434
0, 4, 1695466930
0, 4, 2071744089
4, 0, 1999339913
0, 4, 2219444090
0, 4, 2007164150
0, 4, 1556606151
0, 4, 1823558129
0, 4, 2285820971
0, 4, 2178078641
0, 4, 1834376893
4, 0, 1969386205
0, 4, 2067502388
4, 0, 1971059925
0, 4, 1678131591
0, 4, 1972329512
0, 4, 2071089740
0, 4, 1677207746
0, 4, 1753534396
4, 0, 1961137994
0, 4, 1793371913
0, 4, 2049519636
0, 4, 1968749622
0, 4, 1548318718
0, 4, 1976915470
0, 4, 1964972284
0, 4, 1677458774
0, 4, 2176361006
0, 4, 1553462868
0, 4, 2179877497
0, 4, 1974381482
0, 4, 1684926912
0, 4, 1968788388
0, 4, 2048153751
0, 4, 1679149304
4, 0, 2054293053
0, 4, 1999622490
0, 4, 1971851239
0, 4, 2031190134
0, 4, 2175219130
4, 0, 2061553277
0, 4, 1969597259
4, 0, 2192718436
0, 4, 2016474041
0, 4, 2067051141
0, 4, 2267213465
0, 4, 2191684516
0, 4, 1557318853
0, 4, 2053746919
0, 4, 2014313589
4, 0, 1823570339
0, 4, 2265758826
0, 4, 2065576808
0, 4, 2195975094
0, 4, 2235367992
4, 0, 1694257510
0, 4, 2013899212
0, 4, 1825160765
0, 4, 1759691231
0, 4, 1684847803
0, 4, 2001167271
0, 4, 2057275827
0, 4, 2285095101
0, 4, 1692295722
0, 4, 1824761855
4, 0, 1982682688
0, 4, 2187369128
4, 0, 2014202038
0, 4, 1981707307
0, 4, 2325906906
0, 4, 2060705297
0, 4, 1835701134
0, 4, 1972789984
0, 4, 2053038659
0, 4, 2252926615
0, 4, 1966107186
0, 4, 1996254213
0, 4, 2174922351
0, 4, 1553834820
0, 4, 2323064839
4, 0, 2179875717
0, 4, 1881509796
0, 4, 2215987432
4, 0, 1759164822
0, 4, 1967945321
0, 4, 2217247717
0, 4, 2190173551
0, 4, 2044577652
0, 4, 2190562754
0, 4, 2044814850
0, 4, 1991457117
0, 4, 2266164979
4, 0, 2192516696
0, 4, 1992455857
0, 4, 2205747036
4, 0, 1564831242
0, 4, 1551492312
0, 4, 2179926504
0, 4, 1972542486
0, 4, 1986786468
0, 4, 1559068472
0, 4, 1565388708
0, 4, 1689004824
4, 0, 1880954145
0, 4, 2063254988
0, 4, 1824844023
0, 4, 1468363696
0, 4, 1988717103
0, 4, 1470233194
4, 0, 1686091854
0, 4, 2003313756
0, 4, 1972702941
0, 4, 1468323352
0, 4, 1824674667
0, 4, 1974439020
0, 4, 2185733470
0, 4, 1678390363
0, 4, 2055372342
0, 4, 2228076858
0, 4, 2176162486
0, 4, 2211257960
0, 4, 1824195275
4, 0, 2242745710
4, 0, 2002204601
0, 4, 2246824825
0, 4, 2002031791
0, 4, 1564692110
0, 4, 1880235940
0, 4, 1823352715
0, 4, 2190563824
0, 4, 2182682398
0, 4, 1980552544
0, 4, 2203799282
0, 4, 1883285356
4, 0, 2225719175
4, 0, 2046125025
0, 4, 1977621730
4, 0, 1553179492
0, 4, 2233028834
0, 4, 1771050038
4, 0, 1990683336
0, 4, 1967888081
0, 4, 1880633614
0, 4, 2216862451
4, 0, 2176971160
0, 4, 1976972640
0, 4, 1558003385
0, 4, 1962781061
0, 4, 2070130905
0, 4, 2039777268
0, 4, 2015051837
0, 4, 1984633207
0, 4, 1966358186
0, 4, 1880953624
0, 4, 2007639339
0, 4, 1990361437
0, 4, 2011036397
0, 4, 2056660317
0, 4, 1770548980
0, 4, 2002670646
0, 4, 2056074436
4, 0, 1982242800
0, 4, 2000288735
0, 4, 1676131330
0, 4, 1753049334
0, 4, 1976092811
0, 4, 1760006542
0, 4, 1975725759
0, 4, 1989680131
0, 4, 2001120529
0, 4, 1998696896
0, 4, 2067114961
0, 4, 2039646176
0, 4, 1693209039
0, 4, 2003278848
0, 4, 2295876145
0, 4, 1997539608
0, 4, 2192537087
0, 4, 2228697071
0, 4, 2048966494
0, 4, 1968636206
0, 4, 1973709193
0, 4, 2240181687
0, 4, 2001270228
0, 4, 2190092725
0, 4, 1977004923
0, 4, 2063704547
4, 0, 1563807026
0, 4, 2190295432
0, 4, 1993793852
0, 4, 1966785804
0, 4, 2215172982
0, 4, 1968355065
0, 4, 1989756576
0, 4, 2055364811
0, 4, 2051161334
0, 4, 2251827822
4, 0, 2248641047
0, 4, 2200928355
0, 4, 1882339221
0, 4, 2044489177
0, 4, 2052527387
4, 0, 1573650038
0, 4, 1563661735
0, 4, 2052737090
0, 4, 1834516908
0, 4, 1792396313
0, 4, 2237618201
0, 4, 1551901677
0, 4, 2072445057
0, 4, 2185688837
0, 4, 2018464412
0, 4, 1992229862
0, 4, 1828004858
0, 4, 2018353045
0, 4, 2194608824
0, 4, 2327268136
0, 4, 2177406043
0, 4, 2323354170
0, 4, 1972180784
0, 4, 2187200422
4, 0, 2241451480
0, 4, 2285732335
0, 4, 2266055587
0, 4, 1989220246
4, 0, 2300593295
0, 4, 2064396358
0, 4, 1992591025
0, 4, 2241451004
0, 4, 1956072585
0, 4, 1548728930
4, 0, 1988818784
0, 4, 1973774208
0, 4, 2287070121
4, 0, 2069520832
0, 4, 1989884136
0, 4, 2012152796
0, 4, 2199644648
4, 0, 2228115989
0, 4, 2058247713
0, 4, 2067973002
0, 4, 2068869993
0, 4, 1975982905
0, 4, 1825025140
0, 4, 2176376260
4, 0, 2053528263
0, 4, 2248263326
0, 4, 1792442388
0, 4, 2059025367
0, 4, 1990023395
0, 4, 2177578071
4, 0, 2061525160
0, 4, 2204429144
0, 4, 1984900628
0, 4, 1968792376
0, 4, 2030862273
0, 4, 1994089133
0, 4, 2044451401
0, 4, 1753309879
0, 4, 1979334350
0, 4, 2048924387
0, 4, 1975375562
0, 4, 1989582521
0, 4, 1990829931
0, 4, 2203432054
0, 4, 1993970644
0, 4, 2194012008
0, 4, 2048255466
0, 4, 1979707739
0, 4, 2247750559
0, 4, 2052747849
0, 4, 1993750006
0, 4, 1972703695
0, 4, 1966061181
0, 4, 1979707351
0, 4, 1992956509
0, 4, 1573530814
0, 4, 2193188315
0, 4, 1967283440
4, 0, 1753364594
0, 4, 1969033350
0, 4, 2229429439
0, 4, 2062445049
0, 4, 1978972341
0, 4, 2198197583
0, 4, 2015905004
0, 4, 2047300215
0, 4, 2263933820
0, 4, 1750965106
0, 4, 1995468359
0, 4, 2052857472
0, 4, 1694091113
0, 4, 1880206280
0, 4, 2193771873
0, 4, 2000916354
0, 4, 1557284689
0, 4, 1751288387
0, 4, 2231412512
4, 0, 1967829449
0, 4, 2299230631
4, 0, 1975376034
0, 4, 1678388039
0, 4, 1825768692
0, 4, 1970747712
4, 0, 1565133495
0, 4, 1557235928
0, 4, 1965859633
0, 4, 2013504283
4, 0, 1881782362
0, 4, 1979546104
4, 0, 1982599134
0, 4, 2203902786
0, 4, 2177082624
0, 4, 2241034591
4, 0, 2070029664
0, 4, 1752941781
0, 4, 1964794235
0, 4, 2201838537
0, 4, 1678429983
0, 4, 1982735412
0, 4, 2008430625
0, 4, 2262491646
0, 4, 1827516149
0, 4, 1974753768
4, 0, 2058658659
0, 4, 2066194789
0, 4, 1955950454
0, 4, 1988850388
0, 4, 1793218473
4, 0, 1754329459
0, 4, 2177702172
0, 4, 2198043101
0, 4, 2263744251
4, 0, 2057082119
0, 4, 2187837589
0, 4, 2065074618
0, 4, 1969028205
0, 4, 2189294017
0, 4, 2052588727
0, 4, 1686083547
4, 0, 1975008124
0, 4, 2065315033
4, 0, 2219283050
0, 4, 2235983021
0, 4, 2327193206
0, 4, 1990432690
0, 4, 2056091916
0, 4, 2057708867
0, 4, 1680849581
0, 4, 1883640608
0, 4, 1964089981
0, 4, 1833438069
0, 4, 2321650105
4, 0, 2002103904
0, 4, 1955815362
0, 4, 2229679096
0, 4, 1988958532
0, 4, 1977260835
0, 4, 1573322799
0, 4, 2253148683
0, 4, 2069471178
0, 4, 2053111737
4, 0, 1693954864
0, 4, 1957322863
0, 4, 2063434732
0, 4, 1677909760
0, 4, 2322596314
4, 0, 2255162206
0, 4, 1687058162
4, 0, 1995912901
0, 4, 1960820458
0, 4, 2050434396
0, 4, 1993859360
0, 4, 2183348020
4, 0, 2010644681
0, 4, 2058637247
0, 4, 2047581389
0, 4, 2017333211
4, 0, 2000971940
0, 4, 2237351262
4, 0, 1966228071
4, 0, 1968708551
0, 4, 2177863598
4, 0, 1989391854
0, 4, 1984999294
0, 4, 2300590019
4, 0, 1550842657
4, 0, 2176552420
0, 4, 2015697259
0, 4, 2179824495
0, 4, 2002319172
0, 4, 1676369117
0, 4, 1982532274
0, 4, 2286649323
0, 4, 1981375366
0, 4, 1961551876
0, 4, 1961059288
0, 4, 2187859491
0, 4, 1965097888
0, 4, 1996546073
0, 4, 1695249050
0, 4, 2264791389
0, 4, 1678905446
0, 4, 2064229863
0, 4, 2234616921
4, 0, 1979714962
0, 4, 2257994682
0, 4, 1977006629
0, 4, 1974283568
0, 4, 1973435677
0, 4, 1982282248
0, 4, 2016176404
0, 4, 2192460151
0, 4, 1559129556
0, 4, 2217344660
0, 4, 1826997980
0, 4, 1932886859
0, 4, 2237292181
4, 0, 1795317308
0, 4, 1557108349
0, 4, 2221890747
4, 0, 1469026374
0, 4, 1960512103
0, 4, 1975201513
0, 4, 1992679692
0, 4, 2063894554
0, 4, 1880748256
0, 4, 2266337487
4, 0, 1983694156
0, 4, 1980445102
0, 4, 2190925808
0, 4, 1982598367
4, 0, 2175145751
0, 4, 1975780196
4, 0, 1982133343
0, 4, 1564202104
0, 4, 2176699744
0, 4, 1677330082
0, 4, 2049281315
0, 4, 2062438113
0, 4, 1573159475
4, 0, 2051012325
0, 4, 2204890513
4, 0, 1981784826
0, 4, 2183671424
0, 4, 2016556999
0, 4, 2301500697
0, 4, 2072207724
0, 4, 1831295186
0, 4, 2055957845
0, 4, 2052485717
0, 4, 1882541640
0, 4, 1974439106
0, 4, 1960425693
0, 4, 1982770345
0, 4, 1997028367
0, 4, 2001405085
0, 4, 2264249260
0, 4, 2261994238
0, 4, 2062448130
0, 4, 2044314342
0, 4, 2050115199
0, 4, 1982830909
0, 4, 2299505921
4, 0, 2063954406
0, 4, 2196427749
0, 4, 2013982456
0, 4, 2245580967
0, 4, 1980668650
0, 4, 2070747966
0, 4, 1969156497
0, 4, 1993027756
4, 0, 2016156671
0, 4, 2323291588
0, 4, 2014538833
0, 4, 2018376280
0, 4, 1977260552
0, 4, 2288117080
0, 4, 1835571059
0, 4, 2045235223
0, 4, 1983847117
0, 4, 1970197396
0, 4, 2261522656
0, 4, 1835870604
0, 4, 2190138194
0, 4, 1999081622
0, 4, 1993601133
0, 4, 1969075187
0, 4, 1753969644
0, 4, 1836133712
4, 0, 1572892606
0, 4, 1468545846
0, 4, 1974658651
0, 4, 1693118779
0, 4, 2236663509
0, 4, 1556490351
0, 4, 2176266034
0, 4, 2217149684
0, 4, 1827739033
0, 4, 1969275290
4, 0, 2000052322
0, 4, 1998593721
0, 4, 1754352024
0, 4, 2251699336
0, 4, 1679210263
0, 4, 2072040261
0, 4, 1970737592
4, 0, 2246676433
0, 4, 2039765546
0, 4, 1694401066
0, 4, 1880201027
4, 0, 2323029499
4, 0, 1883324410
0, 4, 1677712355
0, 4, 2062447973
0, 4, 2015985772
0, 4, 1971577875
0, 4, 1997063108
4, 0, 1970340440
0, 4, 2258185077
0, 4, 2188451611
0, 4, 2229174115
4, 0, 2061680742
0, 4, 2060541783
0, 4, 2175613048
0, 4, 1557156013
4, 0, 1983775929
0, 4, 1990593743
0, 4, 1558885636
0, 4, 2050821922
0, 4, 1966449859
4, 0, 1793068369
0, 4, 1827395147
4, 0, 1827937248
0, 4, 1967870016
0, 4, 2180956114
0, 4, 2053316113
0, 4, 1880828888
0, 4, 2008560189
0, 4, 2264750741
0, 4, 2070108993
0, 4, 1989032082
0, 4, 1693831043
0, 4, 1677187526
0, 4, 2062879230
0, 4, 2211115628
0, 4, 2182553307
0, 4, 2001976060
0, 4, 1971578724
4, 0, 1990512696
0, 4, 1751070603
4, 0, 1979480833
0, 4, 2183293608
0, 4, 2054395147
0, 4, 2190786091
0, 4, 1828032709
4, 0, 1968023014
0, 4, 2051626532
0, 4, 2063472130
0, 4, 2070619778
0, 4, 2054600809
0, 4, 2205081662
0, 4, 2068889317
0, 4, 2189593355
0, 4, 2056753493
0, 4, 2004846149
0, 4, 2044847206
4, 0, 1827350243
0, 4, 2237433854
0, 4, 1687216266
0, 4, 2013323587
0, 4, 2016270676
0, 4, 1834759443
0, 4, 2033645275
0, 4, 2062626062
0, 4, 1968849683
0, 4, 2070151359
0, 4, 1793119103
0, 4, 1825020589
0, 4, 2235814232
0, 4, 1956482001
0, 4, 2196894070
0, 4, 2192082384
0, 4, 2179766103
0, 4, 1564463278
0, 4, 2069140030
0, 4, 1794730107
0, 4, 2249613480
0, 4, 2181802259
0, 4, 2052120280
0, 4, 2211284851
0, 4, 2210705300
4, 0, 1999045148
0, 4, 2194593758
0, 4, 1675863155
0, 4, 2222153716
0, 4, 2067786489
0, 4, 2015930851
0, 4, 1572931322
4, 0, 1694546376
0, 4, 2324912993
0, 4, 1970766326
0, 4, 2218666967
0, 4, 1556986559
0, 4, 1978969354
4, 0, 1961786273
0, 4, 2324404161
0, 4, 1999218343
0, 4, 2193031733
0, 4, 2001692811
4, 0, 2176928656
0, 4, 2220651111
0, 4, 2263183876
0, 4, 1996257822
0, 4, 1558676679
0, 4, 1977838848
0, 4, 1983486277
0, 4, 2192082966
0, 4, 1963488860
0, 4, 1978013489
0, 4, 1679244716
0, 4, 1793933466
0, 4, 2051733249
0, 4, 2014458923
0, 4, 1994997850
0, 4, 2055574243
0, 4, 1991102365
4, 0, 1996257100
0, 4, 2202396543
0, 4, 2015777146
4, 0, 2013855177
0, 4, 2244694673
0, 4, 1557579492
0, 4, 2015424790
0, 4, 1991070443
0, 4, 2188721684
0, 4, 2176113214
0, 4, 1882076523
0, 4, 2054011000
0, 4, 2013932949
0, 4, 1556609622
0, 4, 1963777480
0, 4, 2235447933
4, 0, 2262732886
0, 4, 1984414713
0, 4, 2016129779
0, 4, 1687125121
0, 4, 1980663511
0, 4, 1996276529
0, 4, 1975549016
4, 0, 2049930071
0, 4, 2015667870
0, 4, 2064950082
4, 0, 1827911346
0, 4, 1557242756
0, 4, 2059300646
0, 4, 2235196435
0, 4, 1880937071
0, 4, 2054502346
0, 4, 1971559168
0, 4, 2063874324
0, 4, 1693378839
0, 4, 1690796401
4, 0, 2177701783
0, 4, 1468771452
0, 4, 2244957070
0, 4, 1827778353
0, 4, 1558023873
0, 4, 1997678040
0, 4, 2047790779
4, 0, 2186295405
0, 4, 2204530423
0, 4, 1980017547
0, 4, 1979262733
0, 4, 2067713763
4, 0, 1882112675
0, 4, 2052150386
0, 4, 1996916724
0, 4, 1961529066
0, 4, 2242519915
4, 0, 2002455954
0, 4, 2051243390
0, 4, 1827437673
0, 4, 2062924267
0, 4, 2244348097
0, 4, 1563578431
0, 4, 2069937242
4, 0, 1995192277
0, 4, 2013463515
0, 4, 2250274440
0, 4, 2030755804
4, 0, 1558254605
4, 0, 1993372840
0, 4, 2053380691
0, 4, 2065053982
0, 4, 2059947755
0, 4, 1883141012
0, 4, 2017328720
0, 4, 2016626393
4, 0, 2190740413
0, 4, 1972173201
0, 4, 2191947135
0, 4, 1973845464
4, 0, 1753954293
0, 4, 1974639885
0, 4, 1977391760
0, 4, 2204763607
0, 4, 1981391396
4, 0, 2238429404
0, 4, 1883557531
0, 4, 1563845255
4, 0, 1695768212
0, 4, 2200148142
0, 4, 1550847854
0, 4, 1558066637
0, 4, 1827968565
0, 4, 2196048994
0, 4, 2194656652
4, 0, 1974333289
0, 4, 2249868113
0, 4, 2065697920
0, 4, 1977808879
0, 4, 1966876182
0, 4, 1824348295
0, 4, 2241035564
0, 4, 2047856380
0, 4, 1794187287
0, 4, 1956176755
0, 4, 1994828373
0, 4, 2221278602
0, 4, 2062112969
4, 0, 1553741047
0, 4, 1989824831
0, 4, 1978385104
0, 4, 1881208484
0, 4, 1994330302
4, 0, 2266118560
4, 0, 2007794059
0, 4, 1970341625
0, 4, 2208695899
0, 4, 1974202420
0, 4, 2187795925
0, 4, 1972824990
4, 0, 1994631575
0, 4, 1933020610
0, 4, 2051007003
4, 0, 2066660529
0, 4, 2213067147
4, 0, 1969315147
4, 0, 1469070167
0, 4, 1686468863
0, 4, 1957053685
0, 4, 2051209469
0, 4, 2051691167
4, 0, 1972212603
0, 4, 2055130352
0, 4, 2212062313
0, 4, 2015738805
0, 4, 1572997546
0, 4, 2067470521
0, 4, 1965805651
0, 4, 1685855175
4, 0, 1957357686
0, 4, 2185441699
0, 4, 2180626428
0, 4, 1469729377
0, 4, 2057011796
0, 4, 2286007889
0, 4, 2046845500
0, 4, 2049852974
0, 4, 1564039569
0, 4, 2254236999
0, 4, 2187137184
0, 4, 2069789663
0, 4, 2248557458
0, 4, 1770980190
0, 4, 1974819538
0, 4, 2053556143
0, 4, 1997048398
0, 4, 1964592011
0, 4, 1687184398
0, 4, 2011628768
0, 4, 2065852324
4, 0, 1990436133
0, 4, 2195771540
4, 0, 1565230381
0, 4, 2004032707
0, 4, 1977242915
4, 0, 1975999956
0, 4, 2044641822
0, 4, 1964396263
0, 4, 1548279922
0, 4, 2214278368
0, 4, 2184852607
0, 4, 2060338388
0, 4, 2058531311
0, 4, 1972774537
0, 4, 2054381335
0, 4, 2234715177
4, 0, 1961515560
4, 0, 2257715156
0, 4, 2325291014
0, 4, 1825485602
0, 4, 2221344181
4, 0, 2238015479
0, 4, 2297863784
0, 4, 1834429196
0, 4, 1957170147
0, 4, 2183870615
4, 0, 2178801392
4, 0, 2182626428
0, 4, 1824544773
0, 4, 2245770685
0, 4, 1979390778
0, 4, 2323801206
0, 4, 1834154801
0, 4, 1986163450
0, 4, 2064896422
0, 4, 1469814230
0, 4, 2056681745
0, 4, 1971019281
0, 4, 1998433269
0, 4, 2014643941
4, 0, 2067012796
0, 4, 1976303820
0, 4, 1553773447
0, 4, 1995542235
0, 4, 1754710835
0, 4, 1981817766
0, 4, 1989893667
0, 4, 1991989232
0, 4, 1995287167
0, 4, 2205486667
4, 0, 1994526214
0, 4, 2071909765
0, 4, 2071650128
0, 4, 1976912132
4, 0, 1968679229
0, 4, 2002029314
0, 4, 2191529785
0, 4, 2066148319
0, 4, 2072190320
0, 4, 2259058791
0, 4, 1557029129
0, 4, 2057801749
0, 4, 1969469342
0, 4, 1881833457
0, 4, 1469315904
0, 4, 1880945920
0, 4, 2053176699
0, 4, 1824135348
0, 4, 2072188554
0, 4, 1832351284
0, 4, 1751953066
0, 4, 2185677601
0, 4, 1997964277
0, 4, 1964127614
4, 0, 1964246804
4, 0, 1963531079
0, 4, 2285180687
0, 4, 1980566488
0, 4, 2056049841
0, 4, 2051870539
0, 4, 2186362818
0, 4, 1984053105
0, 4, 2013812145
4, 0, 1967454171
0, 4, 2000790215
0, 4, 1693832593
0, 4, 1882972314
0, 4, 1826057919
4, 0, 1978639293
0, 4, 2211114245
0, 4, 2190197218
0, 4, 2250397700
4, 0, 2216762051
0, 4, 1969228310
0, 4, 1999020740
0, 4, 1826451189
0, 4, 1968399727
0, 4, 2245483446
0, 4, 2180573993
0, 4, 2257613783
0, 4, 1882162648
0, 4, 2060508687
0, 4, 1824730263
0, 4, 2221965720
4, 0, 1832702690
0, 4, 1967331972
4, 0, 2059947608
0, 4, 1795953972
4, 0, 2066029664
0, 4, 1688114114
0, 4, 2065565625
0, 4, 1795501115
4, 0, 1551807114
4, 0, 1984345431
0, 4, 2203823419
0, 4, 1836352797
0, 4, 1883642226
0, 4, 1771132423
4, 0, 1971145930
4, 0, 2053566861
4, 0, 2062315843
0, 4, 1992560349
0, 4, 2015338603
0, 4, 2221074235
0, 4, 1988999863
0, 4, 2063279152
0, 4, 2214532773
4, 0, 2062213334
0, 4, 2069989234
4, 0, 1996917968
0, 4, 2178641402
4, 0, 1555958693
0, 4, 1986006253
0, 4, 1822461923
4, 0, 2013301190
0, 4, 2051143887
0, 4, 2064866860
0, 4, 2054023085
0, 4, 2015784644
0, 4, 1973447806
0, 4, 2001641687
4, 0, 2175012451
0, 4, 2068117437
0, 4, 1792352669
0, 4, 2263089155
4, 0, 1957251709
0, 4, 2232162007
0, 4, 2057818739
0, 4, 2289638512
0, 4, 1834160211
0, 4, 2234967868
4, 0, 1979082890
0, 4, 1970664050
0, 4, 1793570761
0, 4, 1977982912
0, 4, 1677978363
0, 4, 1553397675
0, 4, 2229355056
4, 0, 2251369112
0, 4, 1827860065
0, 4, 2182877447
0, 4, 2325344971
0, 4, 2031180864
0, 4, 2049284937
0, 4, 2054482218
0, 4, 1983675710
0, 4, 1469504022
0, 4, 1824970227
0, 4, 1752773617
0, 4, 1880152963
0, 4, 2217247226
0, 4, 2016050359
0, 4, 1977349840
0, 4, 2066243415
4, 0, 1973949403
0, 4, 2187137083
0, 4, 2058842903
4, 0, 2193453182
0, 4, 1969301019
0, 4, 1975311014
0, 4, 1977575845
0, 4, 1972253388
0, 4, 1968808631
0, 4, 2017015076
0, 4, 1754448023
0, 4, 1973135488
4, 0, 1990849423
0, 4, 2176782421
0, 4, 2017542028
0, 4, 2184740687
0, 4, 2177180080
4, 0, 2177659016
0, 4, 1835259239
0, 4, 1692017472
0, 4, 2189525124
0, 4, 2207899617
0, 4, 2068965661
0, 4, 1553552300
4, 0, 2058568173
0, 4, 2184839562
0, 4, 2328738402
0, 4, 1827994387
0, 4, 2187392022
0, 4, 2052719106
0, 4, 2018630688
4, 0, 1996174940
0, 4, 2001034271
0, 4, 2002114754
4, 0, 2217050969
0, 4, 2062656961
0, 4, 2253775235
0, 4, 2052907212
0, 4, 1971781491
0, 4, 2237194969
4, 0, 1977753126
0, 4, 1975629391
0, 4, 1976166473
0, 4, 2216667714
4, 0, 1966321554
0, 4, 2325242342
0, 4, 1677426682
0, 4, 2201749216
0, 4, 2201672382
4, 0, 1826996660
0, 4, 1970769559
4, 0, 2254191261
4, 0, 2191903935
0, 4, 1970070689
0, 4, 2000153119
0, 4, 2053682206
0, 4, 1563956988
0, 4, 1978842391
0, 4, 2178933785
0, 4, 1881781435
0, 4, 2251645543
0, 4, 2063857603
0, 4, 2175109754
0, 4, 2249525114
0, 4, 1964840067
4, 0, 2053454557
0, 4, 1695618512
0, 4, 1827520134
0, 4, 1833525699
0, 4, 1694930756
0, 4, 1978725460
0, 4, 2061904935
0, 4, 2238400338
0, 4, 1752618719
0, 4, 2193372699
0, 4, 2052822329
4, 0, 2068799191
0, 4, 2250792997
0, 4, 2321411312
0, 4, 1759770550
0, 4, 1835655907
0, 4, 1996478583
4, 0, 2187565713
0, 4, 2064926375
0, 4, 2044694964
0, 4, 1990904902
0, 4, 1966617022
0, 4, 1933174799
0, 4, 1563513464
4, 0, 1468296996
4, 0, 1558763130
0, 4, 1770739238
4, 0, 2061698312
0, 4, 1999821888
0, 4, 2194184173
4, 0, 2015041097
0, 4, 1967812818
0, 4, 2191352110
0, 4, 2050320354
0, 4, 2328965183
0, 4, 2208475329
0, 4, 2189142059
0, 4, 2047241866
0, 4, 2017326992
0, 4, 1961653423
0, 4, 2052260030
0, 4, 2184181848
0, 4, 1974150776
0, 4, 1997556674
0, 4, 1573520649
0, 4, 1962690458
4, 0, 1965698138
0, 4, 2055401830
0, 4, 2013691289
0, 4, 2262035764
0, 4, 2066556224
4, 0, 1467811592
4, 0, 1984276328
0, 4, 2200088518
0, 4, 2296062168
0, 4, 2325453968
4, 0, 2052541939
0, 4, 2065609481
0, 4, 1955947421
4, 0, 1996087965
0, 4, 1964873466
4, 0, 2071745281
4, 0, 2299850927
0, 4, 2051944893
0, 4, 1827705794
0, 4, 2265802223
4, 0, 2174809480
0, 4, 2213951965
0, 4, 2013470451
0, 4, 2053895253
0, 4, 2015722464
0, 4, 2002830925
0, 4, 1823286353
4, 0, 2014908428
0, 4, 2003129899
0, 4, 2054568279
0, 4, 1835735740
0, 4, 2190256756
0, 4, 1988924823
0, 4, 2186549606
0, 4, 2064302406
4, 0, 1995873450
0, 4, 2182148160
0, 4, 2178854424
4, 0, 2015017109
0, 4, 1971017104
0, 4, 2252421130
4, 0, 1991756511
0, 4, 2053623878
0, 4, 2245438512
0, 4, 1957015475
0, 4, 2018221648
0, 4, 1881700802
0, 4, 2069791511
0, 4, 2066959156
0, 4, 2001245981
0, 4, 2001974257
4, 0, 1836207440
0, 4, 2193975180
4, 0, 1824657769
0, 4, 1677579918
0, 4, 2014949754
0, 4, 1982517184
0, 4, 2246080493
0, 4, 2014703614
0, 4, 1551618899
0, 4, 1792325654
0, 4, 2266708551
0, 4, 2063383383
0, 4, 2189996225
0, 4, 2239484459
4, 0, 1564539484
4, 0, 1696175440
4, 0, 2017194160
0, 4, 2247364141
4, 0, 1986763416
0, 4, 2189823422
4, 0, 1992501732
0, 4, 1687184919
0, 4, 2222229440
0, 4, 2057674039
0, 4, 2066966549
0, 4, 1970370261
0, 4, 2179652943
0, 4, 2072213230
4, 0, 2068176716
0, 4, 2071244554
0, 4, 1696037549
0, 4, 2059881665
0, 4, 2193796832
0, 4, 2222044363
0, 4, 2192857434
4, 0, 2014825212
0, 4, 2048452215
0, 4, 2062211188
0, 4, 2047611988
0, 4, 1880606965
0, 4, 1990282194
0, 4, 1965544428
0, 4, 2052173376
0, 4, 1956687021
0, 4, 2030738793
0, 4, 1977641273
0, 4, 1469757896
0, 4, 2190362980
0, 4, 1995882826
0, 4, 2014854554
4, 0, 1695281557
0, 4, 1995192416
0, 4, 2064646285
0, 4, 1996781965
0, 4, 1676397449
0, 4, 1881993221
0, 4, 1753665095
4, 0, 1834575827
0, 4, 2264865286
0, 4, 1977205120
0, 4, 1793985887
4, 0, 1993665822
0, 4, 1992558866
4, 0, 1976349623
0, 4, 1967005106
0, 4, 2057326345
0, 4, 1970364241
0, 4, 2301984483
0, 4, 1966437497
0, 4, 1687662815
0, 4, 1990611578
0, 4, 1834663105
0, 4, 2039678872
0, 4, 1563796454
0, 4, 2032695643
0, 4, 2259858285
4, 0, 2004490243
0, 4, 1932857872
0, 4, 2295821933
4, 0, 1882462521
0, 4, 2189411241
0, 4, 1975533891
0, 4, 2265733940
0, 4, 2207211034
4, 0, 2262156029
4, 0, 1826315843
0, 4, 1957669592
0, 4, 2057992519
0, 4, 2227763004
4, 0, 2044050625
4, 0, 2187856818
4, 0, 2056748199
0, 4, 2244282603
0, 4, 2244496741
0, 4, 1557616264
0, 4, 1968023841
0, 4, 2189629115
0, 4, 2243549342
4, 0, 1989173074
0, 4, 1955984349
0, 4, 2050154067
0, 4, 2251176695
0, 4, 2198133497
4, 0, 2215441425
0, 4, 2326765472
0, 4, 2196226532
0, 4, 1551747064
0, 4, 1827939149
0, 4, 2254622816
4, 0, 2002052880
0, 4, 1983970305
0, 4, 1692216922
0, 4, 1956367230
4, 0, 1971574830
0, 4, 1966946892
0, 4, 1793562654
0, 4, 2236386692
0, 4, 1564081779
0, 4, 1753094805
0, 4, 1990242716
0, 4, 2224213902
0, 4, 2181699770
4, 0, 2059498860
0, 4, 2286672546
4, 0, 1793727328
0, 4, 2286743671
4, 0, 2001042486
0, 4, 1970470700
0, 4, 2196209439
0, 4, 2069604944
0, 4, 2236624898
0, 4, 1988807719
0, 4, 2267036185
0, 4, 2046537114
0, 4, 1564070541
0, 4, 1932858370
0, 4, 2053132095
0, 4, 2248972941
4, 0, 1979199839
0, 4, 1967592527
0, 4, 1970074958
0, 4, 1751489415
0, 4, 2218317947
0, 4, 1968710644
4, 0, 2056548330
4, 0, 1980745074
0, 4, 1968783463
0, 4, 1554518532
0, 4, 2193041183
0, 4, 2192247079
0, 4, 1880771065
0, 4, 1989675053
0, 4, 1989852009
0, 4, 1977972347
4, 0, 1974380529
0, 4, 1993728824
0, 4, 2071552781
4, 0, 1955873759
0, 4, 2229937695
0, 4, 2302753722
0, 4, 2013180852
0, 4, 1981086899
0, 4, 1882260940
0, 4, 2049921782
0, 4, 2050701422
4, 0, 2008811063
0, 4, 1751881418
4, 0, 2185078874
0, 4, 2049399001
4, 0, 1822539928
0, 4, 2016568955
0, 4, 1824131392
0, 4, 2174368431
0, 4, 2248694994
0, 4, 2201952854
0, 4, 2004972457
0, 4, 1691119156
4, 0, 1973528321
0, 4, 1974641058
0, 4, 1558281863
4, 0, 2176742615
0, 4, 2181915988
4, 0, 1564666537
0, 4, 1695053664
0, 4, 2283557343
0, 4, 2234653839
0, 4, 1823841605
0, 4, 1977456179
4, 0, 2044895873
0, 4, 2062064990
0, 4, 2229835356
0, 4, 1969355473
0, 4, 2013557645
0, 4, 2001268310
0, 4, 1972294343
0, 4, 2264055997
0, 4, 2233326124
0, 4, 2175423138
4, 0, 1997400814
0, 4, 1572880014
4, 0, 1978130896
0, 4, 1988746884
0, 4, 2189296222
0, 4, 1932940222
0, 4, 1976531578
0, 4, 1548499336
4, 0, 1968334920
0, 4, 1961152410
0, 4, 2191568868
0, 4, 1677686886
0, 4, 1994042398
4, 0, 2052475458
0, 4, 1834375554
0, 4, 1955948430
4, 0, 1979853789
0, 4, 2256348971
4, 0, 1979944593
0, 4, 2219152819
0, 4, 2238307397
4, 0, 1963136615
0, 4, 1694954454
0, 4, 2259979109
4, 0, 1882232265
0, 4, 2212865112
4, 0, 2324491801
0, 4, 1691335728
0, 4, 2185013701
0, 4, 2062376407
0, 4, 2002467623
0, 4, 1995592533
0, 4, 1963136456
0, 4, 2064282963
0, 4, 2242235405
4, 0, 1976698165
0, 4, 1967621226
0, 4, 1834926266
0, 4, 1991983166
4, 0, 1750929842
0, 4, 1822358341
0, 4, 1564602778
0, 4, 1961767016
0, 4, 2218978291
0, 4, 1685387377
4, 0, 1469129595
0, 4, 1974163980
4, 0, 1957051839
0, 4, 1969594282
0, 4, 1990301546
0, 4, 2286928659
0, 4, 2266438643
4, 0, 1831348114
0, 4, 2185647215
0, 4, 2263148521
0, 4, 2001077413
0, 4, 2052413428
0, 4, 1970432147
0, 4, 1990051361
0, 4, 1979007194
0, 4, 2016030368
0, 4, 1694203788
0, 4, 2061362441
0, 4, 2014036262
0, 4, 1979583660
0, 4, 1991813121
0, 4, 1827648294
0, 4, 1881929786
0, 4, 2188973473
0, 4, 2060937765
4, 0, 1771135327
0, 4, 2259597776
4, 0, 2195924602
4, 0, 1824486288
0, 4, 2058670489
0, 4, 1980511114
0, 4, 1970540894
0, 4, 2249705724
0, 4, 2185873640
0, 4, 2180544262
4, 0, 1973121896
0, 4, 1989174434
0, 4, 1963243460
0, 4, 1690978029
0, 4, 2266286042
4, 0, 1957110698
0, 4, 1997045116
0, 4, 1979913933
0, 4, 1825556778
0, 4, 1988736262
0, 4, 1971231047
0, 4, 2059547714
4, 0, 2190606740
0, 4, 2001464772
0, 4, 2052260949
0, 4, 2218674847
0, 4, 2186365092
0, 4, 1822865898
0, 4, 1695055152
0, 4, 1980244299
0, 4, 1880017546
0, 4, 2300740145
0, 4, 1833609162
0, 4, 1997425873
0, 4, 1677596084
0, 4, 1990397691
0, 4, 2064095731
0, 4, 2008905086
4, 0, 1791601875
0, 4, 2176895291
0, 4, 2062725172
0, 4, 2324861063
0, 4, 1686267004
0, 4, 1979166686
0, 4, 1827575139
0, 4, 2000827514
0, 4, 2192662089
0, 4, 1564829112
0, 4, 2069873811
0, 4, 1827448805
0, 4, 2066211597
0, 4, 2001437337
0, 4, 1993120594
0, 4, 2063032395
0, 4, 1983703186
4, 0, 1573368955
0, 4, 1823541633
0, 4, 2062797552
0, 4, 2000850549
4, 0, 2048115057
0, 4, 1560005525
0, 4, 1980552206
0, 4, 2211879447
0, 4, 2017839381
0, 4, 2288187440
0, 4, 1989636999
0, 4, 1986299173
4, 0, 2202290542
0, 4, 1932418312
4, 0, 1573359893
4, 0, 2176808936
0, 4, 2250941286
0, 4, 1983050211
0, 4, 2183571567
0, 4, 2070721343
0, 4, 2046495568
0, 4, 1978448660
4, 0, 2066662240
0, 4, 1985400868
0, 4, 1693570707
0, 4, 1974863648
0, 4, 2064532032
0, 4, 2053946844
0, 4, 2267221052
4, 0, 2177349112
0, 4, 1978778675
0, 4, 2070820798
0, 4, 1962594155
0, 4, 1956401562
0, 4, 1985731012
0, 4, 1979930698
4, 0, 1979058240
0, 4, 2050734300
0, 4, 2060099871
0, 4, 2016399431
0, 4, 2054003614
0, 4, 2064458132
0, 4, 1833377886
0, 4, 2187819408
0, 4, 1558026471
0, 4, 1792667320
0, 4, 2201921603
0, 4, 2198581070
4, 0, 1993287661
0, 4, 1882248866
0, 4, 2249434032
0, 4, 1964848828
0, 4, 2324610918
4, 0, 2186153797
0, 4, 1693261226
4, 0, 2054292019
0, 4, 1998956190
0, 4, 2174660802
0, 4, 2012552114
4, 0, 2016249407
0, 4, 2224821088
4, 0, 2052560970
0, 4, 1993416833
0, 4, 1976972661
0, 4, 1976950602
0, 4, 2044256076
0, 4, 1833647435
0, 4, 2288492366
0, 4, 2065103968
0, 4, 2002153594
0, 4, 1824425910
0, 4, 2193302871
0, 4, 2178054405
0, 4, 1573252988
0, 4, 1999783989
0, 4, 1970650501
4, 0, 1982906648
0, 4, 1984668237
0, 4, 1970419886
0, 4, 1990906468
0, 4, 2070407635
0, 4, 1990953879
0, 4, 1679154843
4, 0, 1977590788
4, 0, 2060234867
0, 4, 2057726337
0, 4, 2187059013
0, 4, 1957738949
4, 0, 1979390247
0, 4, 1991145912
4, 0, 1553179544
4, 0, 1993795162
0, 4, 2169458775
0, 4, 2255094835
0, 4, 2175910150
4, 0, 2067397751
0, 4, 1957381185
4, 0, 1964630905
0, 4, 2190046061
0, 4, 2065807728
4, 0, 1974201413
0, 4, 2178740924
0, 4, 2239537170
0, 4, 2044722446
4, 0, 2003477634
0, 4, 2015491890
0, 4, 1981904422
0, 4, 2017153892
0, 4, 1957542093
0, 4, 2014253288
0, 4, 2191959318
0, 4, 1990682302
0, 4, 2200144904
0, 4, 1793306788
4, 0, 2004452778
0, 4, 2054869097
0, 4, 2242166470
4, 0, 2070845862
0, 4, 1984816341
0, 4, 2254598772
0, 4, 2052966652
0, 4, 1978525707
0, 4, 1991755925
0, 4, 2259533033
0, 4, 2180441515
0, 4, 2050198683
4, 0, 2185241564
0, 4, 1882466664
0, 4, 1981613499
4, 0, 2175447381
4, 0, 1961137210
0, 4, 2205436515
0, 4, 1958097406
0, 4, 1826374428
0, 4, 1956142254
0, 4, 2282335881
4, 0, 1972178882
0, 4, 2039859105
0, 4, 2326044507
0, 4, 2188285100
4, 0, 2014805058
0, 4, 2180863659
4, 0, 2057957334
0, 4, 2070152475
0, 4, 1794214082
4, 0, 1755476283
0, 4, 1551577479
4, 0, 1967192456
0, 4, 1981788047
0, 4, 1969062895
0, 4, 2057993029
0, 4, 1997676392
0, 4, 1986156092
0, 4, 1967024614
0, 4, 2189784403
0, 4, 2000094353
4, 0, 2176187885
0, 4, 2060244405
0, 4, 2204902016
0, 4, 2286138542
0, 4, 2183123669
0, 4, 2070161190
0, 4, 2204372248
0, 4, 1557556783
0, 4, 1976799764
0, 4, 1881888068
0, 4, 1835020234
0, 4, 1985521028
4, 0, 1826563835
0, 4, 2198386336
0, 4, 1983433495
0, 4, 2178461549
0, 4, 2064271818
0, 4, 2242703083
0, 4, 1678944638
0, 4, 2056400155
4, 0, 2069100653
0, 4, 1827741268
0, 4, 1956162403
0, 4, 2055593800
0, 4, 1564030826
0, 4, 1752610713
0, 4, 1880225980
0, 4, 1968300916
0, 4, 2053047305
0, 4, 2205324246
4, 0, 2015598210
0, 4, 2191404569
0, 4, 1823013900
0, 4, 1980822577
4, 0, 1971440696
0, 4, 1985478051
4, 0, 1678313744
0, 4, 1834158918
0, 4, 2014484428
4, 0, 2062635612
0, 4, 2231626859
4, 0, 1564316109
0, 4, 1982856159
0, 4, 2183073196
0, 4, 2263157114
0, 4, 1998023390
0, 4, 1961593466
0, 4, 1563867822
0, 4, 2267033363
0, 4, 1962935019
4, 0, 1982958391
0, 4, 2199899652
4, 0, 1993985091
0, 4, 2183598376
0, 4, 2203735455
0, 4, 2063570108
0, 4, 1795318187
0, 4, 2011016936
0, 4, 1759615612
4, 0, 2062080445
0, 4, 1469842102
4, 0, 2001820779
0, 4, 2207522596
0, 4, 1994290319
0, 4, 2067939553
0, 4, 1972471021
4, 0, 2213754758
0, 4, 2053570379
0, 4, 1979413307
0, 4, 2222998822
4, 0, 1793053142
0, 4, 1686185228
4, 0, 2191905618
0, 4, 2049126572
0, 4, 1557167931
0, 4, 2245372308
0, 4, 2260640301
0, 4, 2062234009
4, 0, 1996877802
0, 4, 1982211971
0, 4, 1696215891
0, 4, 2207047162
0, 4, 2018499466
0, 4, 1961084039
0, 4, 2175051933
4, 0, 1974810732
0, 4, 2181052194
0, 4, 2258812271
4, 0, 2189591238
0, 4, 2200098479
4, 0, 2049556187
0, 4, 1469787762
0, 4, 1996954921
0, 4, 1991478224
0, 4, 1883057960
0, 4, 1770739995
4, 0, 1833965532
0, 4, 1771198039
4, 0, 1983344934
0, 4, 2232993969
4, 0, 2065784778
4, 0, 2176031149
0, 4, 1559545912
0, 4, 1754262621
0, 4, 2288142194
4, 0, 2174502244
0, 4, 2051457630
0, 4, 2286451238
0, 4, 1976778499
0, 4, 1998229914
0, 4, 2055118356
0, 4, 2014029447
0, 4, 2062305336
4, 0, 1693917919
0, 4, 1684896033
4, 0, 2052075569
0, 4, 2071430605
0, 4, 2055017103
0, 4, 2052161749
0, 4, 2237828527
4, 0, 1898407107
0, 4, 1999236514
0, 4, 2012032043
0, 4, 1573069350
0, 4, 1792421251
0, 4, 2189361818
4, 0, 1825339978
0, 4, 2057956435
0, 4, 1880522469
0, 4, 1992419107
0, 4, 1932481527
0, 4, 1977080525
0, 4, 2264458944
0, 4, 2005061254
0, 4, 2222997024
0, 4, 2059994159
0, 4, 1962391823
0, 4, 2258413356
4, 0, 2053349903
0, 4, 2182545902
0, 4, 1755315486
0, 4, 2323526760
0, 4, 2192247766
0, 4, 2050903956
0, 4, 1979854714
0, 4, 2048577265
0, 4, 2240630995
0, 4, 2324666036
0, 4, 2203281875
4, 0, 2057802731
0, 4, 2210701270
4, 0, 1564644828
0, 4, 1970622050
0, 4, 2229069811
0, 4, 2191353581
0, 4, 1792917517
0, 4, 1881581051
0, 4, 2052475977
0, 4, 1693087186
0, 4, 2002889349
0, 4, 1980679578
0, 4, 1880808948
0, 4, 2175120654
4, 0, 1881476876
0, 4, 1822828419
0, 4, 1984733349
0, 4, 2188416783
0, 4, 1967098968
4, 0, 1827780611
0, 4, 2056823994
0, 4, 1825020008
0, 4, 2217395123
4, 0, 1754139676
0, 4, 1686920875
4, 0, 1678752734
4, 0, 2046730261
0, 4, 1980868582
0, 4, 1936061076
0, 4, 2178930669
0, 4, 1969916943
0, 4, 1826996524
0, 4, 2067740159
0, 4, 2184761765
4, 0, 2054547573
0, 4, 1990424938
0, 4, 2051484319
0, 4, 1564855103
0, 4, 1882146601
0, 4, 2066609185
0, 4, 1984518086
0, 4, 2054772176
0, 4, 2056081058
0, 4, 1553112449
0, 4, 2211285481
0, 4, 2301536596
0, 4, 1685030594
0, 4, 2300697643
0, 4, 2184530537
0, 4, 2187126967
4, 0, 2055619526
0, 4, 1983589353
0, 4, 1975879642
0, 4, 2008997526
0, 4, 2254475369
4, 0, 1833380117
0, 4, 1983085431
0, 4, 1881451798
0, 4, 2235136977
4, 0, 1983327129
0, 4, 1754024315
0, 4, 1686980690
0, 4, 2179106603
0, 4, 1994699758
0, 4, 2055633748
4, 0, 1982349524
0, 4, 2218494727
0, 4, 1759968274
0, 4, 2285477616
4, 0, 2048285610
0, 4, 1969405420
0, 4, 1684927674
0, 4, 1695505597
4, 0, 2066232249
0, 4, 1696167837
0, 4, 1975628152
4, 0, 2066030139
0, 4, 1557632526
0, 4, 2249340016
0, 4, 1961292123
0, 4, 2189424886
0, 4, 2200214007
0, 4, 1692922563
0, 4, 2001166655
0, 4, 2264047054
4, 0, 1688008805
0, 4, 2063411758
4, 0, 1692992365
0, 4, 1826381789
0, 4, 2004685835
0, 4, 1556395137
0, 4, 1548752185
0, 4, 1824135690
0, 4, 2059699785
0, 4, 2063899925
0, 4, 2064435359
0, 4, 2070289236
0, 4, 2185286666
0, 4, 2231949061
0, 4, 2192226516
4, 0, 2056972981
0, 4, 1676163473
0, 4, 2062201491
4, 0, 1755842389
0, 4, 2224037151
4, 0, 2286574186
0, 4, 1759492926
4, 0, 1962702878
4, 0, 1564297902
0, 4, 2224317653
4, 0, 1468542524
0, 4, 2014733386
4, 0, 1957690280
0, 4, 1794392021
0, 4, 2215070867
0, 4, 2053451192
0, 4, 1962941178
0, 4, 2015133678
4, 0, 1685078193
0, 4, 2063730059
0, 4, 2241968879
0, 4, 1967115595
0, 4, 2182197760
0, 4, 1573769994
0, 4, 1752896854
0, 4, 1956099550
0, 4, 2282995435
0, 4, 2299765516
0, 4, 2175873308
0, 4, 2257310259
0, 4, 1694312237
0, 4, 2012722962
0, 4, 2000983934
4, 0, 1978393108
0, 4, 2001684058
4, 0, 2013342247
0, 4, 2176846506
0, 4, 2263865121
4, 0, 1962015688
0, 4, 2220965443
0, 4, 2253441557
4, 0, 2237294763
4, 0, 2065164492
0, 4, 2179501072
0, 4, 2201227970
4, 0, 1880335828
0, 4, 1998559652
0, 4, 2325219425
0, 4, 2178232307
0, 4, 2046822666
0, 4, 1759310905
0, 4, 2060643546
0, 4, 1557615461
0, 4, 1983950254
0, 4, 2257475139
0, 4, 1827640099
0, 4, 2252921289
0, 4, 1992687023
0, 4, 2187323507
0, 4, 1574066553
0, 4, 2013760796
0, 4, 2063472644
0, 4, 2217992725
0, 4, 2241544467
0, 4, 1563812149
0, 4, 1771026709
0, 4, 2203556404
0, 4, 2014157168
0, 4, 2288474056
0, 4, 1974413662
0, 4, 2057093803
0, 4, 1752557097
0, 4, 2002598590
0, 4, 1999472325
0, 4, 1997064547
0, 4, 1882404021
0, 4, 2062765870
0, 4, 2054562630
0, 4, 2012703928
0, 4, 2254842734
0, 4, 1961258509
4, 0, 1694904061
0, 4, 2069040146
0, 4, 2060890607
0, 4, 2224161787
0, 4, 1563736537
0, 4, 2000351448
0, 4, 2220756806
0, 4, 1556846730
0, 4, 2054047875
0, 4, 2299300371
0, 4, 2188228092
0, 4, 1976492950
0, 4, 2238002726
0, 4, 2228245182
0, 4, 2209241909
0, 4, 1565263777
0, 4, 1880693290
0, 4, 1996595845
0, 4, 1573017331
0, 4, 1983829207
0, 4, 1563796075
0, 4, 2177557395
4, 0, 1564121955
0, 4, 1557341783
0, 4, 2016054909
0, 4, 2054464944
0, 4, 1933065105
0, 4, 1957123386
0, 4, 1469783570
4, 0, 1881140267
0, 4, 2051242290
0, 4, 1564363153
4, 0, 2063488904
0, 4, 2071470642
0, 4, 2284935259
4, 0, 1976215800
0, 4, 1969634390
0, 4, 2058157289
4, 0, 1989682931
0, 4, 2228861709
0, 4, 2051870101
0, 4, 2297924984
0, 4, 1691862037
0, 4, 2000937602
0, 4, 1975095188
4, 0, 2055196102
0, 4, 2055011076
0, 4, 2008678162
0, 4, 2064132792
